run_id,RNG_SEED,MU_MAX,DEPLETION_RADIUS,HYPHA_RADIUS_UM,PSI_BRANCH,MIN_BRANCH_ANGLE_DEG,APICAL_BRANCH_MIN_STEP,LATERAL_DISTANCE_FROM_TIP,PHI_N,PHI_P,LATERAL_BRANCH_MIN_STEP,MAX_DEVIATION_DEG,nutrient_pm_fraction,total_tips,n_apical_events,n_lateral_events,avg_length_um,avg_volume_um3,citric_total_mmol
17,29;2;19;11;25,11.947518086584932,0.29589604801922076,0.3980514129791972,1.0932383403435095,21.976948101412795,0,0.10967252631888921,0.11295456465005022,0.18722580131669972,10,125.67958268990228,0.11,3.75,0.0,0.0,0.0,0.0,0.0
52,9;10;6;2;25,17.359672153258145,0.7757054162755073,1.1291720479301153,0.5181699138784669,5.606614982369507,1,5.830548410196977,0.16568498719058103,0.282853569471239,10,8.710767887182772,0.03,4.0,0.0,0.0,0.0,0.0,0.0
77,22;11;7;3;4,5.515140809068074,0.6268983168564457,1.6482401485532134,0.8616744850281657,81.1572353671684,2,0.2025669435694429,0.13879073067905365,0.17275655687626115,6,67.87119796745378,0.01,3.8,0.0,0.0,0.0,0.0,0.0
1,29;8;21;18;12,1.9683290445792276,0.0906698165375941,0.25144492208468694,1.535517707894909,10.623337458835369,3,1.1333665775081831,0.22772635617471335,0.24507542703822321,10,11.794127287726159,0.09,4.0,0.0,0.0,0.0,0.0,0.0
34,8;28;11;21;29,16.923287662495333,0.7453515971185976,0.18043383246846856,1.35468709703025,77.68894992103156,1,1.320767018249841,0.1407179269256959,0.04872216235354802,0,128.39734542190868,0.03,3.8,0.0,0.0,1.693341317055409,0.17319299616487896,0.0
8,26;16;18;1;5,11.716692701107684,0.3704593569082115,0.38283274545980855,1.722959156812234,95.21963254773243,1,8.876349500493552,0.29360656660417844,0.09050450359041358,11,44.54280865160159,0.01,4.0,0.0,0.0,0.0,0.0,0.0
51,14;7;22;2;21,5.000138085148942,1.015944184633717,1.8071167965438169,1.7256363639587875,3.5571148352677717,5,6.473818534239524,0.03212492166106851,0.10615618884244162,2,4.893004183290454,0.01,4.0,0.0,0.0,0.0,0.0,0.0
73,27;6;25;22;21,4.760350835741871,5.636373987237703,2.1817276550738542,1.8694932192607931,19.34793746639375,4,3.781860452831749,0.2589174506878137,0.2650517045044844,11,70.87127427588236,0.09,31.8,27.8,0.0,83.77785438301039,1252.7954851660459,3.0066748689978132e-12
44,26;14;7;25;15,5.216762735612724,0.7823676622282283,0.15626301082877045,0.8943623187406836,56.269201199659044,3,4.63287568940084,0.09301403103505756,0.074004463791301,1,88.73604299101959,0.05,4.0,0.0,0.0,1.3143593465897245,0.1008268887749594,0.0
104,21;23;5;20;18,4.336256513151664,0.5764935554430561,2.372580348072238,0.9778064988293922,13.387409633726188,4,7.656492774055298,0.2762345473080106,0.19384047915944422,12,38.04567454322511,0.09,3.8,0.0,0.0,0.0,0.0,0.0
12,24;15;18;10;2,14.036284586056329,1.8201010944800322,0.29144820933234106,1.5719258259916382,95.69523878070734,6,6.399074957283091,0.1785222704344265,0.07040760886531541,9,16.6816197431815,0.11,4.0,0.0,0.0,6.127043304589593,1.6350220171185117,0.0
94,22;25;6;13;18,16.748681730828864,0.0697241645512825,2.07432340119581,1.083234887291225,92.18640220382565,2,1.3105816024808388,0.10397495790570145,0.0475572172824135,2,78.2552322885173,0.05,4.0,0.0,0.0,0.0,0.0,0.0
82,22;20;5;12;16,18.9736084402285,0.43446621314115474,2.5328502942154967,1.1393979174204198,96.34694586046297,2,7.2478639938099345,0.07513139109679634,0.11181378446110264,10,45.13290948390786,0.11,4.0,0.0,0.0,0.0,0.0,0.0
83,4;12;7;1;23,2.382519368887137,0.7723854295141552,0.7500545234640115,0.6540408891848124,98.6304044428985,3,6.438303590275381,0.2448414301482255,0.1688709663937293,6,118.3156926234624,0.01,3.8,0.0,0.0,0.15882648839107663,0.28071038232232315,0.0
67,6;26;16;1;17,0.31076672236619535,9.911986853830504,0.7108250441464801,1.0078769606019031,85.54164893918939,4,7.332535226260966,0.007433886932921873,0.06017972008312998,1,0.3287582397200506,0.03,4.0,0.0,0.0,0.0,0.0,0.0
86,24;18;29;12;25,7.919667311782428,0.6983180600128858,1.5528976549032636,0.7327936120102106,2.343114013866332,1,1.366056674568052,0.09922285759758405,0.024207284196413947,2,128.2590562188097,0.11,4.0,0.0,0.0,0.780771605426002,5.9150654130235605,0.0
71,28;4;10;19;5,1.65020920497108,0.8729083633292101,1.7143961884575258,1.3383694682931433,98.05874633519073,3,3.301515716290552,0.16077751822386244,0.031062394806886072,2,82.3540089817075,0.09,4.2,0.0,0.2,1.4036856823558872,12.961107950402141,3.122241009666071e-13
72,29;9;28;26;2,2.0857837498204836,5.245514258926826,1.8532107088045529,1.0833840493625484,45.34009316667424,3,7.96765164210948,0.2691172212671948,0.005560251594011711,2,22.821017610331324,0.01,8.75,0.0,4.75,20.81248822853055,224.55538806166007,1.6369820502226548e-13
33,28;18;19;6;7,17.21444877143317,1.3239156090460902,1.8964790691252011,0.8746139177633719,24.407355614422766,2,0.5163852176868078,0.18613150866520026,0.27269741509760564,3,17.651652180038806,0.07,5.4,0.0,1.4,12.055425075849643,136.21612097706864,0.0
30,19;11;14;30;10,0.4507599247624678,8.128559902611507,0.014791298113283079,0.5136458831563736,97.07307081121786,5,6.355037130287959,0.0671670473378598,0.14218958807126902,11,5.794517191137796,0.05,3.8,0.0,0.0,0.24777814926338562,0.0001703042389302188,0.0
23,14;1;19;18;20,0.45163938221186783,7.3140006716782455,1.1711982445317324,0.791897870670124,15.209970477565882,1,4.169775095308424,0.09231160593553557,0.29051716429783875,2,18.141156985679036,0.05,4.0,0.0,0.0,0.4058313948622921,1.7488652120547195,0.0
106,10;30;16;8;1,11.305894485153042,1.524708879369444,0.8485868128285856,0.1270907879040088,86.8396896316533,6,0.00125556582148576,0.21883849690329393,0.15432004907052907,14,124.42344102351538,0.09,4.0,0.0,0.0,77.9554970598554,176.35556746057918,0.0
95,5;9;6;22;30,10.816222782187518,7.585117666345625,0.18879081838926645,0.7436755462598967,76.08440460693842,1,8.249619471438459,0.10136684481146188,0.19347557776025828,10,123.6065178650021,0.11,4.0,0.0,0.0,74.3349617056191,8.323476024783982,0.0
7,10;1;2;11;14,0.7718648114959544,1.6879388617649016,1.0402372091823198,0.7098341383734406,47.28071296445714,5,4.880810679118818,0.12083696751404929,0.20295650668964857,1,62.75302604055947,0.03,3.75,0.0,0.0,3.3917821902524,11.530352828619339,2.4397252636326342e-14
18,30;15;21;23;12,9.889594120400162,5.826566685953676,0.12240032096305135,1.6646173734373277,27.132656526719234,6,3.414863827103498,0.019387715124580263,0.1837951899003164,12,4.5430709727530605,0.07,3.8,0.0,0.0,21.518076400835437,1.0127877298416128,0.0
70,1;18;6;8;13,6.167377503748465,0.843446261994445,2.6917557856573624,0.1507888997067853,70.8003915680266,1,8.780661232123398,0.1993741865040471,0.2022661731457587,9,13.48865684274113,0.07,4.0,0.0,0.0,0.0,0.0,0.0
117,6;2;1;23;30,3.446059148651215,0.45370452733365263,0.14916186454873015,0.9090635318717173,16.437771351276265,2,8.331575759955033,0.2624004106995552,0.03807782408163255,3,50.70550913016213,0.03,3.75,0.0,0.0,0.0,0.0,0.0
118,23;15;27;9;21,9.321727726249774,8.768811690560362,0.9027086888482821,0.66844889380405,42.80882581489146,5,7.897618374448126,0.16431271287535745,0.054193698998725746,14,63.78678765419855,0.01,3.8,0.0,0.0,63.610841374784684,162.8456860245927,0.0
115,29;17;10;30;5,8.99531734099872,0.28284416426131,2.1946031656317566,0.15164192612501928,89.36913946601587,2,0.1655795801160082,0.10663020892306559,0.08411191353953258,14,105.61305485380936,0.11,4.0,0.0,0.0,0.0,0.0,0.0
55,2;6;1;12;30,15.950101756659448,4.8702302420410515,2.533780740119606,0.21519203261071157,22.99812367823216,3,1.551293365052604,0.08176465749931287,0.13300074958626848,7,41.08848581021988,0.05,4.0,0.0,0.0,79.0883605584502,1595.1462491967975,0.0
88,27;16;7;28;15,6.759301258945182,2.1461290640041097,0.5460351391411618,1.3592246344102843,42.633058640668686,3,2.2824667692457092,0.2733323077572985,0.14187560438869537,4,4.92728538334767,0.09,4.6,0.0,0.6,2.031798437889874,1.9031441245311989,0.0
119,29;24;11;28;1,10.734452715102009,2.6048574735877903,1.295837630514211,1.9068436478449333,27.23206799175959,6,5.300331190745957,0.2258651068972527,0.1571235151802746,6,60.54151854542394,0.01,23.6,1.4,18.4,124.83534915368111,658.5498087736269,0.0
102,26;3;25;23;8,11.239325896453472,1.4525710229543132,1.150414988469801,0.09031921767896824,21.65000172053586,3,3.174994890070849,0.16590404757710633,0.07225037205541764,10,34.254061208383476,0.05,3.8,0.0,0.0,14.992869224675005,62.336682864607596,0.0
5,9;2;4;7;11,12.817119091605878,9.35196026309411,2.6114059371012854,1.4523388499191967,35.68794436028232,5,8.065329035303364,0.17515581905263503,0.18732700042436048,13,21.35418522744746,0.11,5.75,2.0,0.0,76.21809349362157,1632.8892436540123,0.0
63,20;11;29;15;26,3.8440806458739654,1.0539308285616278,1.0604887621430048,1.1276568489853183,83.12344545664556,3,1.262046988693066,0.29090246184025986,0.014878946730984187,12,76.82228830611157,0.01,4.6,0.8,0.0,17.62066490950749,62.25644338238127,0.0
45,20;25;17;27;14,17.716089265132055,6.148315619506612,2.49989246345631,0.7331676212278768,27.790292856438604,1,0.44379000297702953,0.24172995434234576,0.14464503368773665,8,23.05554408168868,0.03,4.0,0.0,0.0,70.20047033802561,1378.264433142444,0.0
38,11;29;27;18;2,10.355969837221503,8.519136038828991,0.2778259623337404,1.5427073450591993,36.08363425643334,4,5.544622894472758,0.09233736384401595,0.17723042853344986,9,24.735973226412604,0.11,8.75,5.0,0.0,76.79531025134766,18.622167413072294,0.0
41,9;3;11;24;13,4.1348745461026235,1.1246264797722871,0.5053562264720494,0.9212906784740583,5.016599940130629,5,0.039062495372788185,0.12582651241853363,0.03852161768679374,12,103.27897823596724,0.07,3.8,0.0,0.0,25.83746227105191,20.72979322571557,0.0
50,25;21;30;24;6,16.444224841131014,8.325597792606663,0.17541748712133923,1.8917151936720789,81.379165210864,1,5.374972522233376,0.09581510573043901,0.018051548891865908,7,19.127915409864993,0.01,4.0,0.0,0.0,61.78372267295619,5.972686447978248,0.0
35,4;30;25;14;17,11.090904183988798,0.9393642448587947,1.298289578766953,0.07537545385447592,95.73870360697487,0,7.281966049581356,0.18962993112795437,0.16851029718301602,3,42.11459215440256,0.09,4.2,0.0,0.2,2.2098525547359182,11.701898117185213,0.0
26,12;17;15;23;1,1.4452648384864275,8.540977537756833,0.2568411725445626,0.9030108353348623,68.718623013141,3,7.916962453726812,0.027004028791116873,0.1675253951322184,13,106.50462571906723,0.07,3.8,0.0,0.0,10.001099266576663,2.0726544274041396,0.0
60,6;21;16;14;8,14.139693810444168,6.7968671029010075,1.5315486876862217,0.6830529319423642,40.05412519047703,3,0.4630512607841437,0.16193124253414815,0.05404012267732251,13,6.507653760917174,0.01,4.0,0.0,0.0,58.169115131190914,428.6511025016848,0.0
49,10;30;27;8;17,9.081404675396158,9.7100478397187,0.2989772445841179,1.156764747546133,91.14338555906929,1,2.329650439118594,0.1358273503741147,0.09216675504181561,8,2.8771368242483586,0.07,4.0,0.0,0.0,46.874727880713515,13.163303731220001,0.0
128,29;27;8;10;24,14.744831736531015,4.037235378468705,1.8957505508145056,1.8339484863704396,54.61077029083824,2,4.883701071051493,0.13762484845982192,0.11294091711362432,10,7.2465499557581525,0.07,4.0,0.0,0.0,25.028100466724815,282.579169248583,0.0
74,9;23;27;8;5,10.861702351422583,5.484376281794988,1.7346409159807474,0.2540526566991149,29.136740341369272,1,4.4706515772335385,0.013865683493021952,0.16721831318546015,9,97.57272376666033,0.03,3.8,0.0,0.0,75.13682092098585,710.2673657353826,0.0
64,10;12;16;24;29,4.171464626802824,3.762735571955277,2.512974291929665,0.08549814291193568,51.84033681276513,3,4.6550436184483415,0.05967195207093292,0.0346415439842529,13,65.06927675245788,0.09,4.0,0.0,0.0,29.07636413259244,576.8542055117238,0.0
42,16;2;25;21;4,1.363395032765941,8.603012485842164,1.0458105363750205,1.465664151832234,10.869697684528013,4,3.197949393463933,0.24722583314508137,0.26604124789495176,8,15.616118076022564,0.11,11.25,7.25,0.0,13.389967811305928,46.00822003518414,0.0
27,18;2;13;6;21,13.84587536915182,7.67800389965791,1.5105089794763809,0.8016029110243057,66.751349416714,3,0.9906237251784643,0.251665695877213,0.18501053544279009,6,31.820522064757288,0.05,18.5,0.0,14.5,115.28412779135975,826.3537714968003,0.0
53,3;7;5;27;26,16.40616005052781,4.918715697721523,1.972329806246619,0.7129750189264851,82.83241271488777,1,4.250351038520642,0.10436219963069501,0.024928738515750126,8,107.36643910909295,0.05,4.0,0.0,0.0,113.49635426643461,1387.0459859522316,0.0
76,27;28;24;19;30,17.31370713236749,8.744145704874654,0.306101211219118,1.4215471509859434,14.93467278186541,6,5.789595761892157,0.06538122998284317,0.28298119286211126,8,60.82745370266427,0.01,5.4,1.4,0.0,118.74641022509024,34.95428785020635,0.0
46,21;28;14;1;27,8.445178002372367,8.701267407425906,2.6648070944486686,0.06569593239640603,61.84700252559768,1,6.70627295583202,0.22689574822610148,0.2370124074451972,11,91.27708458290567,0.03,4.0,0.0,0.0,57.0714987978569,1273.2119394171934,0.0
101,8;11;22;14;29,15.578170977644238,1.7287713428150775,1.5474997823617203,1.1583438475239152,33.55081886197887,5,8.342957679840714,0.0906159289107822,0.07763455357967776,11,34.279848628217216,0.05,3.8,0.0,0.0,58.12176638985657,437.270189253617,0.0
68,1;8;15;10;13,6.272409292555727,6.033489326078816,2.53606598546052,1.4629976821965063,33.845573756479574,4,4.4389255317435445,0.24596041961238532,0.06842984809043785,12,12.513606588161563,0.05,4.0,0.0,0.0,42.97882097965773,868.4113051881657,0.0
65,4;12;29;5;9,6.290528722656905,4.727512890766929,2.3605476328085615,0.7779531898594837,7.941025047097183,4,8.799993757233704,0.08243192056624259,0.08295251910754235,11,107.70919362864088,0.07,4.0,0.0,0.0,43.693280242654126,764.8742840705056,0.0
134,23;30;2;4;14,7.1352990180584595,0.3385539776317714,0.10190730474815432,1.2881772523025077,86.52203662969778,5,7.126075211774485,0.2223388038841691,0.103601484361745,8,80.8732683557948,0.07,3.75,0.0,0.0,0.0,0.0,0.0
123,3;11;2;23;9,7.832578896720153,9.524650842243359,0.7222602949516203,0.31720929677196524,0.5723589705970866,2,1.8378504799393183,0.24052479615816144,0.07463292564280999,12,1.3844209434658272,0.01,3.5,0.0,0.0,8.509644834885961,13.945972000078818,0.0
13,3;25;12;4;1,18.17373593110566,9.025329622232048,1.0562252512161976,1.3115289703634285,19.540177862110863,6,6.062166264428224,0.23373987131522833,0.28060605774585484,7,125.3090832309743,0.07,7.2,3.2,0.0,135.90515184235207,476.3200739799311,0.0
99,6;5;4;9;19,4.760870317662767,1.4043589921106636,1.00772838808999,0.18879637423939166,70.90031494582844,1,7.962943461468807,0.21348604934114654,0.2582564216144076,10,132.80271064812268,0.05,4.0,0.0,0.0,33.31277589607689,106.27905443815851,0.0
124,1;5;8;16;19,18.980734758488023,5.932764194347496,2.0148506901063095,1.4388490839180996,95.01254673754119,2,0.6200840496790982,0.12164717330887821,0.24100259442466176,7,97.29431468449594,0.09,50.4,46.4,0.0,560.8089675457868,7152.379653399441,0.0
149,19;25;2;3;15,14.874647787799509,0.5264810279827281,0.4507042983592785,0.6326236783233493,88.50789355533757,2,2.9264379134867147,0.09475337307000832,0.20772228131299844,9,27.874272953734057,0.09,4.0,0.0,0.0,0.0,0.0,0.0
31,2;17;28;14;13,14.3223551029805,3.3631204618972133,1.7184481996510916,1.158403760461676,72.75700360287097,5,8.645296298635682,0.29936720965452523,0.020191345757073553,6,136.53715379478822,0.01,31.0,8.5,18.5,207.67931330608798,1926.7084527239472,0.0
81,10;7;30;18;23,13.827861024960379,1.2295691436907197,0.6894411910523097,0.267021620039313,92.28305052633216,5,2.0300905766910073,0.12727119319269606,0.2485161666534127,11,67.11434997498971,0.03,3.8,0.0,0.0,52.315173228443356,78.12175559670496,0.0
137,16;26;3;25;11,0.008442205356840864,7.854976611309825,2.328588952653939,1.5513982468879166,46.60320096490253,3,2.834255235260716,0.11763000957783432,0.2614283886458456,0,25.071075857721155,0.09,3.8,0.0,0.0,0.0,0.0,0.0
43,13;7;29;22;15,3.6226671777585406,8.236003210186174,1.4950081301913114,0.7219977507546476,47.97742816112772,0,0.7376798889167802,0.12469700062392068,0.008475022292924971,12,54.410525794704974,0.05,4.0,0.0,0.0,24.910540405282433,174.912211479095,0.0
155,3;9;23;26;19,2.243276532489452,3.597111467508923,1.8091753549433371,1.4667965191836447,24.52103381948556,3,2.246986071938159,0.013223967169656025,0.030877339794051006,9,3.7062231338700857,0.07,3.8,0.0,0.0,0.7474297987658829,7.685667770559995,0.0
2,14;12;26;23;10,2.5532927850692193,5.830967039523307,1.4867941200413544,1.8444793167721507,31.90232751991203,6,6.94064445751179,0.023408346000567036,0.23453779766565672,1,83.23669035351082,0.11,16.8,7.8,5.2,30.86961849228279,214.37927835836314,6.144357842460217e-14
140,10;11;18;5;23,8.73641406969987,6.413092412326549,0.4291853832681845,1.7937924588430267,75.49835959574494,6,3.5174983313211543,0.14132268280950114,0.23718461812747568,5,57.639108378326156,0.03,72.4,18.0,50.8,264.451839556904,153.0334294049902,0.0
14,15;7;2;11;21,4.027544410729698,3.012136166835174,2.0939984043924995,1.2226202225332616,91.80050596971282,3,9.046034535677324,0.2198082329665654,0.1348130399139874,3,23.89478441925242,0.07,21.75,0.0,18.0,69.9073891339756,962.9985831304695,8.088386458293357e-14
4,14;2;6;5;1,3.9595638762193666,8.062039389979057,1.1632906514952086,1.0396605020686898,29.777186795704047,4,5.060427662689328,0.2728863348073043,0.23189227380443683,10,122.73391246895652,0.01,31.75,27.75,0.0,69.09507920575713,293.7470188066304,0.0
114,9;1;5;30;11,10.571600516911966,6.195081874935489,1.4061250672046908,1.786495545409499,11.826462215711198,6,9.019661196341666,0.02759296793416739,0.12580374701438715,10,55.264565573792915,0.03,5.4,1.6,0.0,73.27679725226261,455.16017205181726,0.0
9,29;28;25;26;27,5.4952800914943065,4.203891874326857,2.1750368848714894,0.29732867385918926,67.96842536310386,1,6.104418807899312,0.1860654921698522,0.21861141155810423,11,32.50241946295709,0.01,4.0,0.0,0.0,38.242312735732,568.3649315911604,0.0
40,7;11;12;8;25,2.1658691777270405,9.34694808515338,0.9563053259495702,1.5179351089145168,20.938847454390952,2,5.047263465556093,0.21039306209008996,0.2388837651836171,12,14.000440711132242,0.07,28.8,25.0,0.0,44.9296353295919,129.085040501589,0.0
145,1;18;15;14;6,0.05186782098609008,7.306175671675751,1.5208268107962781,1.4601278548799452,98.98558925554764,1,3.602999807499965,0.2932007976838978,0.25558785939153406,13,132.68828807096804,0.11,4.0,0.0,0.0,0.015538777806406029,0.11290839907702872,0.0
116,18;1;2;9;17,0.9777375971608739,4.269069629259484,0.045374439463441614,1.5237702541868088,98.2584977610943,5,4.305089392816889,0.028730921004053254,0.08762994218953782,4,117.89545931591202,0.01,11.0,7.0,0.0,9.210930346920856,0.05957662773553553,0.0
107,18;24;25;6;10,10.79746932531972,4.744597762929006,2.386012866426436,1.1142772370945013,10.753499526056398,5,3.174091562459384,0.17164011934401407,0.029438588844403743,9,50.54857487496234,0.03,11.4,7.4,0.0,100.08084016086482,1789.9725779242594,0.0
90,29;2;16;28;27,2.466201140105678,5.564188592565048,0.43441029231238565,0.849720827630066,36.86975211920716,1,8.84104585906618,0.03556497191700951,0.28210517143009534,3,89.44001376249177,0.07,8.0,0.0,4.0,20.69829550485366,12.27113314139182,0.0
111,18;28;17;14;15,3.003804088842666,5.4178193931966785,0.8492572454612162,1.6642756358206652,97.74639683757033,3,4.923587371335964,0.06283194075311006,0.022218546816068163,7,49.23269826389806,0.03,4.0,0.0,0.0,20.917332546671712,47.39523654553878,0.0
120,19;29;10;2;18,5.1540227145594395,2.3322740562695534,1.3696130525540022,1.7803294435088013,41.79091502681027,5,2.980310722925793,0.10773764638058855,0.23987666754101106,8,37.59712333323655,0.03,11.75,7.75,0.0,49.19312820311523,289.9012483425568,0.0
157,17;20;2;25;18,12.053559195470347,1.4168435073483066,1.329753790315345,0.829901095464493,38.31939314752998,5,4.170118197470033,0.25473018462939007,0.2106367861647107,10,14.996111602122138,0.01,4.0,0.0,0.0,2.259509175540191,12.551812866362498,0.0
92,4;12;13;6;22,15.265842390992242,4.848715372167613,2.7679243510968905,0.8870378217262569,95.17447265854526,3,0.9029703444904894,0.1942494260003856,0.2172201304056702,11,106.24282332275115,0.11,4.0,0.0,0.0,105.41571528610643,2537.252362310954,0.0
110,16;2;10;28;23,10.846765039797713,6.364029247255992,2.111130190647482,0.6751537742800331,58.36454598192886,2,0.6671483546602126,0.1733387016566935,0.21066037458582026,13,53.80623882718061,0.05,3.75,0.0,0.0,72.82965018691291,1019.7368877854838,0.0
89,16;22;29;17;6,2.3312686749789444,9.946073844470595,2.456248839073856,0.2263790914738762,64.786312447755,2,6.499975743245025,0.09543423288817439,0.23047870956875105,14,93.14815163005683,0.01,4.0,0.0,0.0,15.830989905362804,300.0562446583484,0.0
159,3;14;11;22;29,18.398851317463723,2.515078691238153,2.344396542330226,1.1621175945016837,63.08273597730425,6,4.604746677818735,0.2635885421269153,0.18606214719019504,14,12.253668453905087,0.05,3.8,0.0,0.0,15.022481778467219,259.3902829942211,0.0
109,15;17;19;27;2,9.430749296271454,5.8753264882821625,2.4332259665918397,0.5236404555784842,46.10892788079859,2,1.043767703669603,0.20677898352528282,0.08981048221164131,10,74.0333911347861,0.01,4.0,0.0,0.0,64.99231926697968,1208.862185982246,0.0
19,18;24;8;12;23,15.004663673263893,5.997313068664746,0.11020210958319478,0.8107143584658038,64.33414179375791,6,1.3043852653896064,0.24266496912675461,0.29867777022676884,14,121.02145101313593,0.05,3.8,0.0,0.0,103.82928644123335,3.9614078561679507,0.0
131,7;25;6;19;14,18.06074661250105,5.868058801366037,0.36166598917230375,1.4860704601891945,23.447754056440985,5,2.982246829421338,0.205789575844616,0.24560117637894202,7,46.512824571915544,0.11,6.0,2.0,0.0,108.13822303447826,44.436970314986524,0.0
156,22;27;23;30;14,16.42326902466761,1.9830861084094176,1.6740705479076337,1.4787939015991127,25.06684159873105,2,0.763402306876222,0.0339857242001961,0.21235055555823393,8,17.135645460003882,0.03,3.8,0.0,0.0,17.522640388239996,154.27548934151727,0.0
130,23;11;4;30;27,0.715228345196727,7.8079754854145165,1.489909449073355,1.9560155961124626,20.817735757761913,4,4.25068168963222,0.023773151370755696,0.12743144442455348,7,103.29581874126794,0.07,5.4,1.8,0.0,5.377444649446648,37.501235020706446,0.0
175,7;4;23;24;28,10.088247213546477,0.38969317919677615,0.4084476515233537,1.7977460394579023,80.2857602209275,1,3.362367820665289,0.07138203376614499,0.08907965674859118,12,20.606494181297947,0.09,3.8,0.0,0.0,0.0,0.0,0.0
132,15;6;14;18;11,19.144942075591203,5.0772904856280165,2.0306514133032993,1.8924291241498958,31.10293075993974,5,2.626649612289747,0.05179604892871694,0.08691353550396211,13,104.22261968566502,0.03,10.2,6.4,0.0,176.27329726081206,2283.5322863699375,0.0
57,14;18;7;27;3,3.8543848580153717,7.1371621783681345,0.5202544859370257,1.122614817482263,75.12045814057583,2,4.497985115117921,0.2174709887329942,0.15796684335102573,5,35.72956756491595,0.05,37.8,0.0,33.8,73.53108120904906,62.52482601398579,0.0
135,19;24;25;14;15,0.9758054362069711,6.455212559597067,2.0575905570570563,0.14414077812911685,1.89298832957433,1,9.01833173187735,0.2563365078528557,0.03335424513611126,10,109.75744178119979,0.11,4.0,0.0,0.0,6.768872610503405,90.0293531400054,0.0
142,17;16;28;30;25,13.488242172488688,9.771430695604762,1.8831363815274524,0.05327189075019042,13.057381158954406,2,4.488556629984022,0.01724281076634997,0.26017185012632205,7,129.85552611310106,0.01,4.0,0.0,0.0,90.37845266598909,1006.8814089043256,0.0
143,12;9;10;29;16,10.49195478361619,5.243777791335964,0.730923069049933,0.5087916921653963,24.38359179533286,2,8.039716636248734,0.24476466240767927,0.06209898540608377,7,18.93908327764675,0.03,4.0,0.0,0.0,59.409816808994364,99.71291765005739,0.0
174,24;25;19;22;29,0.4726247142049861,1.0406201377465973,0.3822806727699239,0.2170804204557098,77.38240080244985,0,8.817503923404182,0.1934719990554787,0.13427111254500182,8,68.26891009447318,0.07,4.0,0.0,0.0,0.26033344535737213,0.11952108363904654,2.3590145760526647e-15
144,22;6;24;12;16,18.762704197845984,5.910898818126718,0.4822389412627484,0.7118372148612158,77.59598877217088,2,2.0548612658713092,0.27039340505479426,0.15624051243111484,12,113.1370645118544,0.01,4.0,0.0,0.0,129.7223293365824,94.77399011779673,0.0
108,10;9;13;29;17,11.597323486559372,4.304905113626679,0.002241407754757141,0.49313310853103914,80.38507767939794,1,1.25267478111883,0.23216329732170116,0.11803478737669705,11,76.91616757098807,0.09,4.0,0.0,0.0,80.95670235660357,0.0012777456837351733,0.0
153,6;9;15;24;10,12.833034445073942,7.648847437884872,2.0153075508314053,0.5082794076332076,19.77827722676301,2,5.592309443386853,0.15909015751653743,0.04906838911765451,9,30.890964668654544,0.05,4.0,0.0,0.0,71.54511664412269,912.8775629014242,0.0
62,27;13;5;2;1,12.636219459731691,1.8231196815437956,2.0538950436840273,1.9023160739410492,5.813445328610367,6,4.278304520935914,0.25409642651128356,0.16322302470397612,7,116.32745612465897,0.07,8.0,4.0,0.0,100.93667962879634,1337.68969282012,0.0
152,19;18;29;28;20,1.3601926023987765,5.417064330422953,1.9547067490249062,0.3848132162315909,11.443928618432597,1,5.7729497690391955,0.19198707617265479,0.2351724708022233,5,30.70203664254617,0.03,8.0,0.0,4.0,12.14922186403952,145.8349310509943,5.001802039394577e-13
164,19;14;18;3;6,0.5054990024377265,3.9542099242818485,0.2769786488962079,1.4570994730023894,41.08423063010985,4,2.4625288208128486,0.23136651983216167,0.19084002246515933,14,102.84837616632667,0.09,4.4,0.4,0.0,2.1465182851947753,0.5173411807635052,0.0
6,16;21;11;2;13,9.979285575591144,2.286011867236769,2.7425575992940385,1.760771708291326,98.46543239267102,4,6.004581377812561,0.11785541543075889,0.059214487302536055,4,21.67949497305336,0.03,75.75,0.0,72.0,332.64956613173933,7860.467001488679,0.0
39,22;24;10;11;12,7.475683436055748,1.8708854148595777,0.9740393732920014,1.581994227997276,64.43277095941336,5,6.825934711287116,0.0028343955122843044,0.044726227055898495,5,56.650740797464024,0.05,69.6,18.2,47.6,218.26782817749896,650.5678913937152,0.0
22,22;27;20;9;8,2.0432360846337856,1.1125891084872896,0.6005358406332022,1.9574218825111276,54.124986193243515,6,5.521243777007942,0.22167600153538705,0.034212972961265097,4,129.33107339846015,0.03,8.8,3.0,1.8,15.011181563475782,17.00758358178866,9.044352118612674e-16
69,12;21;9;8;29,8.792941055398282,9.152134673906016,2.4929185405145295,1.9413307169697462,33.11357924068625,4,2.9558281286854413,0.08734234171675757,0.07629671523080574,13,21.027577272830897,0.03,11.2,7.2,0.0,80.70887512814677,1575.7500960183968,1.2212009535191944e-13
167,16;30;6;27;28,6.354027193810578,6.6812126718327125,2.7966765311060016,0.5034458983202471,30.823799088369675,5,5.370544467417991,0.20190762147975944,0.19344765378977474,13,9.426290695594375,0.03,4.0,0.0,0.0,43.646666028206894,1072.4706705289761,0.0
171,3;17;28;13;16,5.158608059588446,3.9534136110537856,2.262551377220739,0.16621658874692868,57.52218643507664,3,8.07918198893472,0.1804821947167866,0.25853618481032936,11,20.106659156855656,0.03,4.0,0.0,0.0,34.90497785216145,561.3505326344418,0.0
121,21;13;19;10;5,2.1615631338541053,4.291894924735141,1.6005437087634757,0.712690755847408,93.40566852471322,2,4.270501685873332,0.21561425976505688,0.24372264619739284,1,97.51805384901732,0.11,17.2,0.0,13.2,31.589278925953387,254.22875027834453,9.206165821272434e-13
169,28;26;24;23;21,16.841592222927027,6.80697618499279,2.7053939018251527,1.3159021687487023,64.69979116295676,5,3.5531474479799585,0.20387952938133524,0.06911580320184188,13,73.59586343073343,0.03,7.8,4.0,0.0,131.40647943368532,3021.5352575809325,0.0
182,13;14;17;1;6,0.5175584895902009,6.305502500641546,2.7086430547322577,1.1225120862576774,75.33395121672386,2,7.6847747760613485,0.22105922485806265,0.1733853359524671,1,31.301449919032727,0.03,4.0,0.0,0.0,1.23604136752695,28.489605360597068,4.934431363743598e-13
170,27;16;7;13;6,16.43254677220711,8.092807667977644,0.5546052670238326,0.8725736706385306,12.217884271892999,0,1.7372282709818228,0.07116480343044991,0.283956799622834,8,62.12504884055984,0.09,4.0,0.0,0.0,107.98962430984663,104.35178501535218,0.0
141,21;28;24;13;3,18.624807740588263,4.2836054435970405,1.2502383696181285,1.4461259940497166,65.28092744019928,3,1.6164119065375697,0.234738945821193,0.22338073290087082,10,99.77197449551696,0.05,22.2,18.2,0.0,298.3631675032089,1465.1454076838024,0.0
112,21;8;28;22;10,2.8648122236394533,9.071597433189162,2.532370200265897,1.5316495594163824,8.838026792765474,5,0.6565812428321511,0.028910107415695815,0.05727940206095317,13,126.58075586228087,0.01,15.6,11.6,0.0,29.979567015108053,603.9898181481648,1.9717407930984916e-12
185,18;22;21;2;11,1.1087570205629569,1.6463982532894594,1.8780780325707132,0.39543111032395917,5.817249368118437,4,6.491860523076812,0.16146714039963567,0.038376812213277246,1,59.46621119178942,0.01,5.75,0.0,2.0,8.358784465879713,92.6233032705055,1.983762073144565e-13
187,2;22;4;24;19,2.257739402493528,7.736031174123723,1.6527151100767592,0.5295759251948496,19.923682435803038,5,0.3950501228722359,0.053763621880744294,0.21965987309781934,8,11.107984840890266,0.01,4.0,0.0,0.0,15.584051276354547,133.7291969201645,0.0
202,28;8;25;20;18,11.250473135162375,0.8350574834599755,0.8150256895753393,1.8836174294314076,22.461482855048352,1,5.371354379703559,0.0027161264658611237,0.1860787880289996,5,41.374417950762705,0.03,4.0,0.0,0.0,1.127304616437425,2.352522327651022,0.0
192,16;6;28;8;7,0.4332052408262207,9.001610739552861,1.206191073427536,0.717984278143878,6.6531990226126325,6,8.91931930545625,0.07118338606820128,0.1326504717158478,2,96.83458372570661,0.03,4.0,0.0,0.0,0.7335719104028658,3.352932311615068,0.0
206,13;3;24;7;21,5.749360527071065,0.3421604393019839,1.9355092441226691,1.2587269885401573,68.57335807002333,4,2.2783540967351836,0.21910235859914676,0.07002234067693926,13,51.502003109017934,0.05,4.0,0.0,0.0,0.0,0.0,0.0
197,15;16;25;7;13,8.535859337523883,3.6649101728069855,2.7919777956974348,0.4382227560957232,71.51495534381691,1,9.044192999035193,0.28429205089065923,0.1718630904702376,11,6.471486861193927,0.05,4.0,0.0,0.0,9.809922568725328,240.23671034420096,0.0
138,5;9;14;21;28,14.19262270748459,1.2664417320445742,2.2161509527864633,1.5707897216240096,79.00589309327695,0,6.972253913002779,0.16038756619454558,0.12325028007964249,2,49.83011174354431,0.07,26.6,0.2,22.4,145.41454085232175,2243.656598403021,9.86649236295495e-13
91,15;24;17;14;23,0.7872778501947779,9.828625595342078,2.3596598537563174,1.8398955826960701,53.351371632880806,2,3.3267066148994062,0.15098954339201892,0.04555050831373395,14,66.82762568480642,0.03,13.8,10.0,0.0,10.359976328900961,181.22054960488572,7.029873509979854e-12
173,6;29;14;13;1,7.376577932190648,2.6378464135597657,1.723617345083831,0.612173695577571,12.250072282476786,5,8.127127934684655,0.010402231628421443,0.06906433342210168,6,33.97410233028187,0.05,23.2,0.0,19.2,86.00082289393204,802.664750563298,2.6781267081882487e-14
160,19;25;30;2;24,9.327636158588438,1.9652648777994042,0.28054218195066566,1.4067812946182918,47.05900019263019,5,8.903270855048426,0.10789649995699262,0.18093608401368863,7,85.64956424581808,0.05,14.75,10.75,0.0,99.03773542841759,24.487639039249565,0.0
180,14;16;15;5;28,17.461626117487008,8.890603405976588,1.0057123612379548,0.5779013827190246,86.02008431473685,4,4.096121206508386,0.22044409544726584,0.18036824748889005,10,57.33501840525844,0.05,4.0,0.0,0.0,108.06808338785058,343.39573595034295,0.0
105,22;4;19;25;16,18.771765024062475,2.8463683894121306,0.701705303365016,1.378565193693955,64.69594702567062,4,6.1351828753975886,0.29068091875389956,0.15649356844165616,4,38.74331276759858,0.05,67.2,5.8,57.4,491.96262417536474,761.0119909644693,0.0
214,10;11;9;13;22,10.206513087034018,0.7954112540148084,1.3250078419298403,1.7492000666891676,67.27156216495608,3,4.0341529066779716,0.29922440745032697,0.11518170214889013,4,28.300367510130037,0.09,3.8,0.0,0.0,0.0,0.0,0.0
211,28;29;20;2;30,11.622380916441639,5.45495274368338,0.8235105319282672,0.5678068441186652,7.077036442119677,5,6.431368321667118,0.07069917113247402,0.15721982838233198,13,1.7329388471441765,0.09,4.0,0.0,0.0,0.7263372566627088,1.5474852193852722,0.0
220,27;24;26;28;1,0.5671354529360918,9.658081405520354,1.8677467970250954,0.2689644376491778,37.507392212613865,5,3.6222651727285924,0.22463261210399604,0.1260618527544597,1,7.948115460790235,0.03,4.0,0.0,0.0,0.5652532655573939,6.194823730567178,0.0
208,26;30;19;16;6,0.5455588717659449,2.9139384574238703,0.9219135692776559,1.7323443587840683,95.19173973306998,1,7.005722327056078,0.14630622498676316,0.00940091506271916,8,19.971644855172656,0.03,4.0,0.0,0.0,0.46362008952177264,1.2379198692478384,3.594356147766365e-14
189,17;29;22;2;6,7.813228226781911,5.013519989424854,2.1538815039929693,1.7901294343581475,34.64384973557085,4,0.18615378917175732,0.14714404495962866,0.20363344038094774,12,61.933351623560824,0.09,30.25,26.25,0.0,134.05945009588277,1953.8486539787712,0.0
136,4;2;3;8;6,11.122838106683464,5.637099334996741,1.1065175578016777,0.9973124831187897,41.162494696075605,5,8.842246640855302,0.048050730947604745,0.2500905020834753,7,68.64988937719343,0.11,10.5,6.5,0.0,97.95779044561391,376.7952959864066,0.0
172,17;15;12;20;26,2.036207801913065,9.18021657651689,1.927537918110089,0.19438153506976794,98.59733003474425,3,2.0270332612822544,0.24525112918555736,0.2063274457767104,13,138.08155678409364,0.01,4.0,0.0,0.0,13.960002549069582,162.9450720370397,0.0
188,24;23;2;25;17,2.8300342321733174,9.811879808982079,1.2850948628616399,0.26889593798441386,58.70802302597906,3,6.079382304336152,0.015679883063171984,0.15905852797385958,4,4.826653926463019,0.07,18.5,0.0,14.75,41.6998629185704,216.34899145987552,0.0
224,2;19;29;17;25,17.18755443656939,9.177522372430083,1.7220154291865728,1.3209769575359884,44.7239195906431,6,2.269053946011214,0.08475257257315473,0.2283695574533287,13,21.458055252743012,0.03,4.0,0.0,0.0,61.238739114032356,570.4928287904978,0.0
199,6;7;10;30;12,18.786400910233716,4.020825137293532,0.5791553253159119,0.21167939284593343,30.75882947691717,5,6.034106499353574,0.10532831376763288,0.05447868435971091,12,115.25194987645743,0.09,4.0,0.0,0.0,130.9395113413332,137.97827038001006,0.0
133,5;10;29;24;9,4.166491360559601,7.1012253628919675,1.8670063113704989,0.31265645422611354,18.18155573606918,2,1.5379180989024024,0.23250052240986732,0.11796470129113049,5,56.239758246887625,0.07,60.4,0.0,56.4,104.78681793303183,1147.4878536524343,1.2864517951780873e-11
177,13;7;26;29;19,2.409153642701108,2.0451393294618447,0.8787307978619122,0.6382572484642661,48.53333643612419,5,7.0214499511507995,0.06144197816163755,0.09703123122736393,12,36.965067251357596,0.07,4.0,0.0,0.0,16.857347152487726,40.89317198206296,0.0
178,28;16;3;10;26,5.958610758739522,5.90843277499752,1.6066845276473238,0.4409640863574065,22.590962408432937,3,5.326000962985259,0.2243313428168319,0.2512739449973913,14,111.55508155124906,0.11,4.0,0.0,0.0,41.275433114349426,334.73624094055555,0.0
212,10;16;25;14;5,7.317143069788669,4.2891049426849825,2.7576773212992007,1.2144467032979351,38.736836562120715,1,0.41261093261536574,0.018863687715769573,0.09400514250135251,6,7.121688877162051,0.05,10.6,0.0,6.6,29.789067401606566,711.694607022461,0.0
213,1;13;8;26;6,15.595852908308887,4.811109423772711,2.5547536050910704,0.09947359098436141,19.139934037618033,1,0.5484221155590541,0.2969547871817873,0.05497653956569317,9,24.74230245989093,0.07,4.0,0.0,0.0,58.960542376879935,1208.952907250546,0.0
129,6;30;9;28;26,7.914009314691518,7.586259010876267,1.0164626923847222,1.0708018248166966,51.687154915291345,3,3.415701635331682,0.012962195778241635,0.23731522364646268,13,120.03150730333834,0.09,63.2,59.2,0.0,247.64633196126232,803.8308296480376,0.0
230,20;25;5;8;4,11.652903131111144,2.6977127561672933,2.740665486245401,1.9870204798658637,91.95610903927034,3,7.785250091173249,0.01711854108737477,0.1911703790297447,8,131.82262773442457,0.01,52.4,48.4,0.0,328.5128424983075,7752.009317953656,0.0
226,18;27;25;2;17,8.094738418382608,4.263261953075045,0.5551250688401493,1.0007715624370466,20.603243376086265,5,1.5845720420802232,0.27684850098561037,0.14945962580709066,6,5.193893956721711,0.07,8.75,0.0,4.75,23.681646897522086,22.92680061439043,0.0
198,3;24;11;23;5,4.403941557266016,5.680930049226437,0.8862345166160022,1.8575672687644305,88.92592382632387,6,8.57920263251161,0.26526928512599307,0.0978510788002498,2,4.934638750762284,0.05,16.8,0.0,13.2,49.90623573246946,123.14081050669806,0.0
215,10;12;13;25;23,15.27506539534551,3.8074361423154004,1.5228795156831314,0.8083395523593848,57.468486965066525,4,1.274683022645867,0.21950268751168783,0.13827543167978554,11,81.74895258775993,0.05,3.8,0.0,0.0,106.33097581292392,774.7128546196129,0.0
87,15;18;12;16;21,13.412603661398217,8.425748342960702,0.5268218565070568,0.6401980877797318,26.08148644789301,2,1.6547200752333504,0.19893772502527848,0.18347942928159103,5,91.84358685662212,0.09,50.0,0.0,46.0,288.9863696469053,251.97346073893328,0.0
58,9;18;24;26;1,17.28570769310929,3.6775577721338095,2.4456683901520857,1.5393947605651093,33.36974919730896,2,6.667829584041078,0.14681339098077398,0.21996780634951488,9,125.12113964785193,0.01,83.2,79.2,0.0,776.5803466485846,14592.557354167375,0.0
176,10;13;27;22;7,2.3500901981587403,3.10991846940749,2.1716445489655722,1.0893154334700639,47.5222259920258,5,3.474092359745067,0.009547823176749126,0.003964099396608467,12,67.03555956723665,0.07,16.0,12.0,0.0,25.780578768026214,381.9618779794546,1.3479188354909046e-12
93,24;10;9;19;20,9.17202332712489,9.650701215771752,0.726783112853989,0.40581896177741794,77.72578406135008,4,4.9312746769842875,0.14712364690147356,0.2997261690022556,5,128.8082042908092,0.11,52.0,0.0,48.0,202.1082350486251,335.38492481922475,0.0
47,19;14;23;9;26,9.766437548076047,4.798636484960026,1.2951065902054026,1.3248385825855158,15.710088304023195,2,1.2906198414771264,0.15045468900994438,0.15553346505721927,7,60.10763261651346,0.07,84.6,80.8,0.0,465.77356097486347,2454.3456887935126,1.9614846997857078e-14
11,23;14;3;7;22,9.028412293556105,4.235509033627373,1.6357229095836612,0.6744698049948977,39.344958003984246,4,5.144545384227956,0.23723393373804547,0.29092309985719966,4,84.67937953098019,0.09,91.8,0.0,88.0,388.2711518648854,3263.6566996136476,6.419604045374768e-13
161,14;2;23;24;16,9.96663550534992,7.400840610910872,1.195440870481742,0.7105570124553836,51.38146956185216,4,7.750827037673884,0.20570864413982048,0.28709626395003396,0,11.744854297064686,0.07,372.5,0.0,368.75,1835.9569936011035,8242.682582328096,6.762641793926722e-12
24,27;17;16;6;22,12.483908865020043,7.958198740554316,0.293285875982046,1.9195777424968152,63.0042098553227,2,6.363062427200486,0.15211162553127952,0.02300326274915665,10,88.60713065332992,0.03,91.4,87.4,0.0,563.3589109356735,152.23599092264968,0.0
125,17;22;28;24;13,8.89206836517211,1.8154536275894184,1.742235479279955,1.8492235786683677,70.24070697750692,3,8.041160545709392,0.15760429735251816,0.2777462173259094,6,79.56618025426252,0.11,98.2,51.0,43.2,359.48690643227724,3428.046123014644,9.941738993449436e-14
240,19;20;21;30;10,16.413586569908478,0.24597415705203796,0.4604245321075321,1.7899304215824885,87.24304220911594,4,1.9524664917459689,0.09595544966846466,0.13004908391458714,11,4.176350806304246,0.07,4.0,0.0,0.0,0.0,0.0,0.0
20,29;17;7;21;20,10.378557330368134,1.4002893392458404,0.2539226752622425,0.9100448425843553,22.089656987085682,5,8.105941069709706,0.1105906904956898,0.19087286164836126,1,34.697698240738816,0.07,25.4,0.0,21.4,99.02071935975121,20.057597862341613,0.0
100,25;20;14;26;30,1.260036042710313,6.054493215367084,2.234690575944419,1.7667637287430211,30.240071867486375,1,5.029364945087414,0.17366050499086205,0.19634598176165532,8,24.01164588536105,0.07,44.8,40.8,0.0,39.18810808437139,614.8072283625268,7.442224451203756e-11
221,23;15;29;14;26,12.546503597355857,4.458656398040284,0.5174733175538626,1.3942297374885313,82.88198316424383,5,3.5148461173976786,0.1287973855833797,0.11646206546462383,6,18.575916209926156,0.07,17.8,0.0,14.0,104.03528076531965,87.51982461082824,0.0
225,29;4;18;14;19,0.774801857589355,6.312625010591808,0.9292227942282615,0.9386995118328056,84.53221253216373,1,7.820866900383517,0.1289094668564093,0.06954996493986033,12,105.20708693125425,0.07,4.0,0.0,0.0,5.203375736891418,14.114801326457732,0.0
229,6;5;25;15;27,15.08698033504526,4.060794592678776,2.36305964668933,1.0192926583280004,53.94671681194213,4,6.886776404723858,0.2788766512966999,0.02900260940657645,12,13.117642612430995,0.09,4.0,0.0,0.0,60.10869176214301,1054.4755552029317,0.0
248,14;18;26;23;21,3.5793590739244143,7.938024891211838,1.7738979210008672,0.15998926968011315,93.8719279993294,6,1.367973496632283,0.0005929133811163222,0.008255609727577117,11,119.81024749371223,0.09,3.8,0.0,0.0,24.664020107168447,243.82093251010429,0.0
246,27;1;15;5;24,14.153454263897574,0.6416953905038536,0.27472723043739355,0.499010273851618,41.424082054382,3,0.8853878236236958,0.20656232926451096,0.040315229573779574,1,94.78508528793174,0.05,4.0,0.0,0.0,0.0,0.0,0.0
237,15;20;13;14;22,0.08094255420354456,5.613094676372158,1.614453952112473,1.1993653387777494,79.17055623557867,5,5.385198880895495,0.10728224035058735,0.2984903978871218,14,48.56907454324078,0.09,4.0,0.0,0.0,0.020238680848148782,0.1657232339180777,0.0
16,19;23;3;15;1,18.848830459717007,2.055996631542203,1.627307328635083,1.66862391476777,68.28381269433909,2,3.1717771968102966,0.14779807224822275,0.19868570828872567,6,139.34095700078592,0.01,112.6,62.2,46.6,978.2876511136271,8138.71057875362,6.088602163529879e-14
257,1;10;13;7;6,11.493441566633017,2.1909089290788053,0.2604578519672168,0.4148182544073455,74.38578425546112,1,5.797917295076432,0.008392305761817086,0.24940287588552681,9,56.39484409262405,0.01,4.0,0.0,0.0,74.0893625917214,15.789945835829638,0.0
15,11;6;16;28;9,17.418112187582558,4.972025456606023,0.751263919824932,1.5466181423255925,82.08685414886784,5,3.511164993225136,0.06983857500409903,0.29862623279939826,4,70.53570973502146,0.05,136.8,42.8,90.2,950.6864974126123,1685.6688531099512,0.0
201,6;27;15;21;4,4.012986213211557,8.748524747363497,0.5369922676197185,0.24964932596965078,6.279821967480148,3,8.87988626367079,0.0717785674096282,0.2477250840994663,2,27.346632140238217,0.05,21.4,0.0,17.4,65.97934756809727,59.77147232332557,0.0
54,24;23;30;15;14,4.76268460619854,9.145500681314946,1.3443677087006238,1.6069700113372396,21.641184654222613,2,4.120360295301289,0.2369938209936983,0.14120105895332444,12,50.665192531370394,0.09,116.0,112.2,0.0,275.2828374434508,1563.022224883711,3.3581589424959787e-12
261,11;22;12;19;6,17.688803500608227,8.160653465068668,2.5954087865267526,1.7217512244974904,40.681419962974665,4,5.138699806400025,0.10373391172709234,0.11558778464951314,5,4.601424735242228,0.11,30.6,0.0,26.8,212.1063091451984,4488.642329651706,1.330938774418797e-13
218,29;27;19;11;30,4.309933750541128,6.694189199410324,1.366580526255173,1.5355515613053752,61.4191212159756,5,8.552326237070027,0.265227635734543,0.2546919561618887,2,127.4896790086288,0.07,30.0,21.2,5.0,76.92082437431196,451.298882558656,4.863280661861292e-14
249,21;23;16;9;11,3.1544363897923144,3.092660844270474,0.7341648330120101,0.3293785890614126,71.58839610064395,2,6.602635564538105,0.04741791604578744,0.15637250833829716,14,16.403868301631007,0.09,3.6,0.0,0.0,18.117290869976646,30.67822899947107,0.0
61,7;21;11;8;3,1.3127160778093157,7.066484447083406,0.17134010263268487,1.8833401625308424,39.512168555132675,3,7.996622799768926,0.014759602918826296,0.13726563122166757,3,64.28983072941071,0.05,47.4,43.6,0.0,36.432218409662724,3.3601103081924286,0.0
243,5;8;20;4;19,11.428071927209137,2.326518878256346,1.787073345717791,1.514616444631037,81.65511937123273,5,2.3309524741371854,0.12441945624530241,0.018874833112537136,14,60.90809630293417,0.03,8.2,4.2,0.0,89.51673674924923,898.1293095459414,0.0
203,6;9;17;19;12,7.536786377357142,5.2978012304465425,0.37106478496912354,0.22667226629587559,86.4081244144684,6,0.7730663082712307,0.22748503864341038,0.08969338490164679,5,12.386762610860202,0.09,66.2,0.0,62.2,202.38671515263573,87.54500170802764,0.0
262,3;11;5;28;24,3.6266625281575187,7.934470195123804,1.6765916481015928,0.6520380777806681,73.61304550064,1,8.368587842089406,0.17546932903325843,0.08769797751240777,13,1.653491578146693,0.07,3.8,0.0,0.0,3.2400121773352026,28.61219076703855,0.0
179,21;9;4;22;28,15.309555371846042,6.306510679374658,0.9653195038656983,0.15640840314806467,72.64856698267839,2,0.2454771086987454,0.19278268394436637,0.026751388515764318,4,23.644759201799125,0.07,88.2,0.0,84.2,517.2142313702282,1514.12768683058,0.0
209,18;26;30;9;13,3.7843471470462275,3.1629897706753884,1.8575222234214694,1.3038550675492613,28.068802741863163,6,7.178582637415671,0.16040231951439093,0.13123392238508355,6,25.070903655235394,0.11,26.2,3.4,18.8,47.309502930058116,512.8215824442134,1.2797253248075504e-13
228,5;15;21;17;29,14.80952889195634,9.391450292496765,1.0929848048334532,0.6587182598737318,18.798852962165846,4,3.800370545739979,0.19499402183967474,0.09698704834558332,13,113.6115934888801,0.05,4.0,0.0,0.0,99.79750730043186,374.53966263516566,0.0
251,1;23;17;21;15,16.083790251190734,9.04022121969475,0.6815145169948096,0.20452540422113707,29.923647908817554,4,0.6120118363578485,0.08435502320121421,0.2757759699281724,14,57.89435378360964,0.03,3.8,0.0,0.0,104.33993353864109,152.2476685840134,0.0
250,5;29;16;27;4,15.339518549872688,6.477352183348403,1.3532817341809675,1.4295038798805522,96.66577437189092,6,1.4404021944207896,0.06112755738200526,0.07449728288702344,9,95.31343432194551,0.03,5.8,1.8,0.0,112.08691898913153,644.8834688986485,0.0
207,20;6;18;8;11,1.6891534032147273,8.639070982329702,0.41595960685097416,1.935940149932503,14.852388490893176,3,8.936446394651858,0.29981836887031865,0.26967065304280646,14,94.54339462826523,0.03,45.0,41.2,0.0,44.338487009716445,24.100888867462366,0.0
236,22;3;11;15;6,5.167715184095742,3.9816839783367874,0.7462555384790135,0.009018660375157285,7.258578882709821,4,0.8054489527812605,0.14770647823579308,0.1689106827579157,6,54.57781416856929,0.05,26.0,0.0,22.2,65.97108465012464,115.41935204796759,0.0
233,10;7;29;21;28,7.8126533137514835,3.3151166505136342,2.477368828605268,0.28580021739241196,11.635812489195352,4,8.718298534403145,0.2894947735158135,0.14013664466311304,8,102.71564073275194,0.07,4.0,0.0,0.0,54.438694065363485,1049.636461801971,0.0
234,17;20;24;22;7,15.282938623218215,9.864221830166816,1.1247373075334575,0.03809454821007753,78.48702897655832,4,5.246129565123684,0.0341687375128679,0.01346851708756973,7,65.64728618971732,0.09,4.0,0.0,0.0,100.97672225130533,401.30386616130903,0.0
195,11;6;9;7;15,14.38326390662229,8.943835619875712,1.339737921484806,1.006701139434114,59.7422439494645,2,3.8356944014436936,0.1581954810084566,0.08080525082415427,6,6.1571390655090035,0.11,15.8,0.0,12.0,101.80476651472136,574.0605272439259,0.0
241,30;15;11;27;25,14.075683379543843,8.294362543396744,1.390155835760139,1.4598565003972892,95.8531612367566,0,1.8526595776080366,0.10149604641901518,0.00952379677900731,12,51.97363480468033,0.05,10.4,6.6,0.0,163.98749732902988,995.6061830016464,0.0
247,18;12;11;4;8,2.6787525911118513,3.344995587687103,0.37970360183949603,0.8974015886371157,5.455965318674583,4,3.666721661162616,0.2262700003147923,0.06466623880073283,6,73.92633454100353,0.11,22.4,0.0,18.6,31.769191621353315,14.389492281411956,0.0
151,8;28;1;5;24,18.249252677364524,6.112409901298962,2.4306442401864796,1.5579061132178944,18.34238975025957,1,6.97646700419745,0.18051809908047461,0.17848430472273116,14,71.03209534454794,0.05,66.8,62.8,0.0,728.4014238835849,13519.587946147458,5.584620682497166e-13
255,23;17;13;3;6,18.106923622574826,9.14052315462905,0.3157304288179416,1.8267797804906056,90.41193158319284,3,4.2493046689616945,0.28054764073144023,0.26614530374719997,6,41.56712925321756,0.05,18.2,0.0,14.4,154.2004093838484,48.2912312328819,0.0
10,5;7;23;20;30,5.67593996916589,8.984800642071637,2.59078204958007,1.4899124467012332,89.53036268558407,2,5.131463618075625,0.2550496594308359,0.21234282626137044,9,129.12538943406554,0.07,116.0,112.2,0.0,315.06674506761937,6643.764010356676,1.5888011134491264e-10
264,19;12;2;18;20,14.256666287741194,4.996306272045176,2.385388837126328,0.6642414624287931,84.30028531033223,3,9.176030194348257,0.19756708552488048,0.2597476106254403,10,125.14406825470432,0.03,4.0,0.0,0.0,98.54046256805745,1761.5007580816741,0.0
265,28;27;4;24;14,5.831546208457575,2.5356627391696818,1.9920648041448912,1.6342168059049968,85.49116281083732,2,6.464905728438117,0.2916697447102526,0.29979547250991023,8,82.74600893670232,0.01,114.8,110.8,0.0,339.4024533820675,4231.280093678355,5.594355618995187e-14
244,30;3;7;23;9,17.407846640034325,1.162708313653582,2.6528590345026273,1.71161394208072,87.28275738411062,6,7.193948001803725,0.25443665931855275,0.1542749743149973,14,138.0459317418336,0.03,6.6,2.8,0.0,131.41218435287786,2905.4529952423904,0.0
278,18;25;9;11;23,18.243140571983794,9.40773542632914,1.0988865405024444,0.8210200802890811,72.63785245358699,4,6.410853360737306,0.04388227893792017,0.21152768270938022,7,0.9591458292565824,0.09,3.6,0.0,0.0,3.04188345933972,11.539796549457225,0.0
288,8;10;11;7;17,18.31596174603108,6.336336759738693,2.7067026605266156,1.0607517804242703,80.74737353777451,6,5.82635024847371,0.27444534305141893,0.21639762808585622,8,130.16025044511832,0.01,6.6,2.8,0.0,138.2699266010367,3182.4288632083585,0.0
271,17;3;19;29;16,16.825430422170367,4.355170093519481,2.4637972372041164,1.177720824406486,21.3363935333572,5,2.610032302401856,0.023510707308295273,0.099346406238588,8,8.367807817741372,0.03,4.0,0.0,0.0,46.13967317597021,879.902019359752,0.0
126,10;24;23;20;2,12.457669272756025,2.0646868659494344,0.5150152343419321,1.138840944662461,85.40776579667511,1,3.4875772331339876,0.008931986150510907,0.12536734038635536,10,80.66644009437196,0.03,127.5,123.75,0.0,965.1113460637287,804.206253139341,0.0
291,17;10;20;16;9,4.252070861669829,2.982540046981539,2.4996827941650266,0.6457663266060619,48.228978146748446,1,2.9734939100643816,0.17819452462631633,0.20584523009382363,9,32.26430529117812,0.01,4.0,0.0,0.0,29.681532085404037,582.64763613842,0.0
270,19;16;13;10;20,3.91042867318335,8.931724017572547,2.316906599140202,0.705569247863537,57.3912567813926,2,0.9315619359727194,0.277416406182323,0.12884108415403553,8,54.86457370359018,0.09,4.0,0.0,0.0,26.65775364444263,449.56291227781287,0.0
293,6;23;27;24;1,3.2066075763324395,0.23778769964498236,2.79251222691241,0.14724727093992163,31.720562798185437,1,7.6862794499795895,0.18033838277316552,0.11946504883408054,13,35.035856294768955,0.09,3.8,0.0,0.0,0.0,0.0,0.0
269,23;7;22;26;9,5.077844416004096,1.0207314602093431,0.6606931165134317,1.9566500676905179,94.06567973755475,4,3.0977752996217394,0.13231428842166942,0.20816150021165236,13,128.71879595625873,0.05,9.6,5.8,0.0,43.08456115694055,59.084166135045585,0.0
292,26;20;12;15;2,0.12280820464327977,1.163077971313854,1.125527108429357,0.04182736420725424,15.697850286729654,1,8.797989169431888,0.11461651506134828,0.2564913777181232,9,4.209826195463693,0.01,4.0,0.0,0.0,0.0,0.0,0.0
285,19;14;2;10;6,6.26151175068493,7.701379715317343,1.34474565440326,0.1420870939649906,94.74801893304506,5,7.588401911316774,0.22497643512933183,0.0879880391043592,13,135.06251799770172,0.07,4.0,0.0,0.0,43.08657220608626,244.77785035079756,0.0
252,29;19;2;6;30,4.672510727633739,4.411026122127732,1.5434833199426528,0.5529706797077505,17.753485691041927,3,2.8151104976294845,0.24904443398568515,0.2772432783898421,11,78.25705836715613,0.11,4.0,0.0,0.0,32.53624093953266,243.51242703226774,0.0
275,23;11;20;28;19,12.666151181377504,6.016987455756863,1.5296276112993774,0.7377820008106338,91.40456850993614,5,6.398692359115764,0.0632375019990551,0.23219642980380562,6,81.75840100621683,0.03,22.8,0.0,19.2,149.97835641447503,1102.4271278068722,0.0
298,7;17;29;4;30,14.583930166305363,0.345048818717828,0.8689437280868206,1.0647891815055726,9.728922791812323,0,0.5059670060848362,0.11609594744112109,0.03348574453135391,14,94.36735839442744,0.11,4.0,0.0,0.0,0.0,0.0,0.0
284,22;16;24;7;14,3.677375231575565,8.504565211512114,0.8496324678902611,0.8850004678236798,37.574266504969366,2,5.060369569131987,0.2224164025481391,0.10962816791369669,13,137.1548447194064,0.03,4.0,0.0,0.0,25.336308435874418,57.45864900679383,0.0
287,28;7;18;17;27,17.7792858391666,6.475907020798476,0.3434824419782579,0.9420240645550187,45.22440885775961,6,5.195176094438563,0.07874419278109031,0.29062079344239244,11,42.2232641427516,0.05,4.0,0.0,0.0,90.54761419511782,33.56108309735525,0.0
273,15;12;17;28;10,0.493527403363728,4.454395805824878,1.8216831467575454,0.6160311274918914,38.78848586644028,2,9.117155774905989,0.06350771493872949,0.1294949817108119,1,49.764945463011614,0.03,4.0,0.0,0.0,1.674882046281142,17.461428938854546,2.4347952670581436e-13
295,22;18;17;14;21,1.4546058746218629,3.2215940143878963,0.7806469479175123,0.16984726664985966,19.938281072223653,1,0.842294237325042,0.2784176077783117,0.05906709294202025,5,3.73657334017347,0.11,5.2,0.0,1.2,1.0895833213712733,2.0860256853146084,1.0870616085612122e-15
294,20;12;14;26;18,12.744431412089426,4.653343114544057,0.9772434783155403,0.47124432985030856,16.283094344535964,2,3.083434684955653,0.01245388588248142,0.2921435401110436,4,119.9161398874906,0.05,73.0,0.0,69.0,437.9935749973456,1314.084141322266,0.0
304,13;22;23;14;16,16.275738470926033,0.02277928965452647,0.23687628154329973,1.2408312362380558,26.825595042519655,4,1.2215842974251272,0.19320545388770521,0.06815042002838313,0,33.806342962179464,0.01,3.8,0.0,0.0,0.0,0.0,0.0
238,20;8;10;24;14,17.847610218224577,5.969444601489138,1.1834074756306439,1.743192389483078,80.89947693325193,0,8.109668183739219,0.12996830884782967,0.03901215988242288,7,80.51158099616279,0.11,83.4,79.4,0.0,890.7261619619034,3918.8866118617225,0.0
307,19;26;15;11;16,8.524252403945505,5.655216939582649,1.9601651647278764,0.9427691383248415,48.06161573991841,5,2.654783958338101,0.03965857741933593,0.249330055922972,9,45.180246174623555,0.07,3.8,0.0,0.0,57.82719287727748,698.0191170557796,4.003591189473458e-14
290,8;2;19;1;10,13.65265905025916,7.498085013033778,1.9567110827993157,0.6686725278301177,58.22440496769349,0,5.377389583848584,0.13792436119758114,0.07205463194104361,6,29.89330480081984,0.01,20.5,0.0,16.5,123.9390006873142,1490.7721558347926,0.0
205,1;24;21;13;12,3.952662851953804,7.654036414070075,2.1779470122744566,0.37244141117705004,39.15862101940461,1,1.5368144002166237,0.1321024538200926,0.019587300004554054,4,108.86360837640058,0.05,78.6,0.0,74.6,142.36794421010617,2121.566775597081,8.024727617032831e-11
166,14;18;7;4;20,9.244833125401346,2.3211779388036446,0.22050224672927857,0.6044015453792855,34.77981611132286,3,9.043162040194572,0.030787061368755995,0.20038639783416365,5,122.5246866279561,0.11,37.4,0.0,33.4,177.6886959685691,27.141616554714506,0.0
310,2;4;16;13;22,10.775337276658286,4.7890267021220385,1.8879711584451593,0.8902447174733092,26.472342648986448,4,0.10747200446583384,0.023495083613297562,0.24825672459685666,11,46.6677775236258,0.05,4.0,0.0,0.0,72.73430664709447,814.4789919672329,0.0
210,17;20;21;5;1,4.276715974419501,7.090973175756079,0.39944342742193983,0.883466485136285,97.94592766862995,4,3.2096632016110496,0.13782750977257174,0.2807444571220191,4,81.82231309289767,0.11,90.2,0.0,86.2,176.5773851226521,88.51064650218709,0.0
302,25;14;15;17;13,4.805584612506983,2.9223703449232916,2.654875246268474,0.7057327504215319,3.6268285499938213,5,8.116682611401949,0.21596207965840888,0.15455030390297683,13,10.978332608982024,0.09,4.0,0.0,0.0,7.200065098872416,159.4316468654929,0.0
227,27;30;14;7;12,17.531898777188907,4.13698025875414,2.2931820864109143,1.572971183209817,73.75926978340581,3,4.875607463802117,0.14942711006020756,0.08617406139934117,8,68.57560752191318,0.07,12.2,8.2,0.0,189.25659880454123,3126.640756817388,0.0
316,16;2;28;12;23,1.485787623775351,0.34671520778714493,0.6356958906808219,0.07987406265804688,83.01902273239642,2,3.5023072358727454,0.2986828391816962,0.21026950459049357,12,88.2671290190606,0.07,3.75,0.0,0.0,0.0,0.0,0.0
28,8;13;29;17;6,16.191788896416647,7.883692937002856,1.7113084257773026,1.3159165054772237,73.94428035614114,0,1.6181936996610125,0.24851249625284663,0.10437555100621158,8,108.24543017821995,0.05,166.2,162.2,0.0,1183.7431280260805,10890.903771924575,3.060548783941491e-13
146,24;30;22;18;15,2.002564718988612,5.10918061552889,1.704086686816025,1.102966927559965,15.128496590267549,4,1.7526488019472741,0.08500304433022345,0.07520902731651165,4,58.626397052745006,0.07,158.6,69.6,85.0,128.67760242144132,1173.9137785892005,1.0504310112865165e-10
267,22;29;8;2;12,2.9577620202276886,7.9576586722659695,2.789213930531432,1.284864126938907,17.658123825696435,4,5.793598241985488,0.04392433770726773,0.24064954083248288,2,113.22127446145564,0.11,59.5,50.25,5.25,87.5669039494316,2140.1958557793973,1.0333929761318664e-10
319,11;6;18;1;4,1.50195923279831,0.15164232492169027,1.3646565467689602,1.9414617845518123,59.96551368369941,0,8.3659505792712,0.16092190406236864,0.004623814909906432,10,104.53225412114396,0.01,3.8,0.0,0.0,0.0,0.0,0.0
219,16;19;2;7;12,6.899497870500557,1.9985905504930512,0.776132078596042,0.6536392372887071,95.27625815701006,5,3.710988871925222,0.041818691749447134,0.14706198033652704,5,130.83708198154903,0.09,40.75,0.0,36.75,136.89563964244454,259.06620042840973,6.403664385384786e-15
32,1;16;6;21;2,9.811181224402176,2.253581108565154,0.8466045181130614,1.5641412366100358,11.001456722358594,3,4.590423853221743,0.22670237574617963,0.021298472053692473,3,127.6058958949038,0.09,289.0,174.5,110.5,1161.074414998507,2614.39432195517,1.0667200017472885e-14
260,7;12;29;8;23,4.523661376447449,1.720626875837581,1.2453025914547373,1.9191835380677604,25.126152687490045,5,8.179122182307859,0.274180713547977,0.14357863451847788,1,67.46907198207336,0.07,75.4,49.8,21.8,179.53542878714188,874.6812555521716,8.550468582430704e-15
274,9;27;8;30;29,2.4315207552536076,2.192924569135979,1.7693391645694674,0.33253216100903743,46.68832055354733,4,6.523603607960065,0.1492169871266605,0.27307913102564885,5,34.66088411804139,0.11,16.0,0.0,12.0,31.435867612292032,309.1701135025322,3.4583427281349214e-13
222,27;28;9;5;15,1.8136631275810162,4.876831634815291,2.0319367006460713,0.03346071165571537,66.61309301714981,2,2.6415821832042847,0.015343129454456483,0.011682402582766415,2,84.31158115610098,0.11,61.6,0.0,57.6,69.17631833174443,897.2793362327635,5.3614774324866344e-11
313,1;29;4;28;20,19.050811632936465,4.810087258402857,2.3895250487085593,0.6201528036021542,15.841114679044022,4,7.876236589900469,0.044028888274866396,0.18791067852245713,10,44.65753436797048,0.03,4.0,0.0,0.0,86.02581691633489,1543.127649958052,0.0
312,22;8;3;14;17,9.066993053999436,2.006753409284644,1.439884693812536,0.05373904644844549,14.438183230606572,3,2.7008917654501916,0.1254378377945275,0.16364110815160277,8,48.237348467250136,0.05,4.0,0.0,0.0,56.592724301356135,368.60897364996015,0.0
98,21;25;6;28;17,1.6503609274343365,8.04831576542599,0.2771904103109029,1.3688990017759493,22.083343707253377,1,0.662980504890856,0.21749871733229814,0.23003157044074313,11,60.28804719626599,0.05,160.8,156.8,0.0,144.72804495547354,34.934857080463026,0.0
318,5;23;28;24;25,15.042984586698873,6.540576331230344,0.9300880568704611,0.05764843571326291,39.611688784479284,5,5.716576037115055,0.028249956388832376,0.20118650905125282,10,8.478173241754751,0.11,3.8,0.0,0.0,58.028756794333525,157.70347911069794,0.0
259,8;3;25;19;9,15.497360090742784,2.77079021364231,2.3805246201172268,1.3530469852041318,0.5615770757256056,2,8.552981653666993,0.021390749206795477,0.007916016962017224,7,82.75876136817433,0.07,60.0,56.0,0.0,565.4370473350049,10066.522939949373,0.0
235,12;25;7;8;17,1.247924765301474,8.061955295273135,0.5680973093398496,1.338986100200433,41.44508183738411,1,0.33638504315880996,0.005739245909021873,0.2834182088987271,8,135.0495253461607,0.03,72.8,68.8,0.0,59.21954440745761,60.04272570728165,0.0
305,30;25;6;28;23,11.594008328562895,5.210025415256686,0.5189524070506071,0.9536344254511713,44.45278125797978,1,2.2897768368819427,0.11192592467029662,0.1088039243146297,9,49.21031720710726,0.03,3.8,0.0,0.0,75.39279680896662,63.78738354501938,0.0
272,30;24;27;11;18,12.175074370321676,2.2051095803055354,1.8943715234321885,1.8634699567685697,1.9887039189590006,2,1.7031344718718302,0.1548071173475939,0.11306375904013477,11,49.76298997671099,0.11,52.2,48.4,0.0,398.51106624427655,4492.8360606828155,0.0
320,4;13;17;29;24,7.816995476912434,1.1154700426363662,2.3743634251362513,0.507022485744954,2.8278611920700136,5,3.562573793639478,0.1611434135400635,0.013806943816076944,5,58.07478145511504,0.11,10.8,0.0,6.8,29.286383864274285,518.6925505091134,0.0
321,27;11;4;21;9,7.240563901078373,7.021895693676715,1.1305697161302442,0.6660447206217157,93.36631736395601,6,4.236647180289288,0.14829824631966904,0.12845899283243575,11,91.3655598128781,0.05,3.8,0.0,0.0,49.968406869690924,200.6504195044551,0.0
103,20;28;24;29;14,9.341624568384201,6.608446149008033,0.6735494421707491,1.6434247880281336,52.67510519536772,6,5.929528836181654,0.09158297668854033,0.03729878673150178,3,62.69011018604705,0.01,256.6,80.6,172.0,889.0349102291082,1267.0905421793614,0.0
223,2;8;17;6;12,15.78021067523254,6.775212190164641,2.3970037356017975,1.2711231491220938,24.596981291716357,6,7.174402431555753,0.11873769239856344,0.08775161246679025,3,102.8842883221934,0.01,184.5,57.25,123.25,1060.7915808233397,19147.732808895416,2.809588321445813e-11
324,20;1;9;22;8,2.519828721421037,6.433220694119676,0.45067166681149734,0.08750882158850828,2.909475721287136,3,7.435167472545757,0.028698308209148492,0.07387538362256164,12,75.42926682556342,0.05,4.0,0.0,0.0,17.522315419396012,11.180516766232259,0.0
328,26;30;8;1;21,3.0397513642523717,7.100192940378437,1.7830913941506916,0.5637090229799471,53.317426260719515,1,9.145565879659022,0.11828645830586389,0.16486837369778207,10,102.09422114607071,0.05,4.0,0.0,0.0,21.01050512416087,209.86188731725775,0.0
325,24;6;23;19;16,14.961825974117941,5.239029847775962,1.060189708450261,1.9827121053703731,67.46255780261639,5,5.403479068748541,0.22988154839198585,0.27778304462073994,8,127.09698699732068,0.01,12.2,8.4,0.0,148.5964753158875,524.7175003898998,0.0
330,19;29;3;7;17,9.420009272406311,7.798648700394551,1.744734953579264,0.09182697292372417,98.79459856079595,6,9.067934444462761,0.19432628444728753,0.012841269471756466,10,62.81066594022646,0.07,4.0,0.0,0.0,64.3495251354396,615.3952538548667,0.0
196,21;29;28;14;22,11.056177212234244,6.638028920698728,1.8267900443625182,0.40658636304250306,1.671993412615591,6,1.326035978748144,0.05349588312986953,0.2862071962407489,3,98.87354879762621,0.05,157.2,0.0,153.2,726.5416516950684,7617.065003220572,1.7309774762801832e-11
263,13;2;24;8;14,10.018649373122472,2.2544575848705097,0.8858923183874153,1.8485894323487488,96.26514752094651,4,6.875895817976505,0.000649333578773359,0.1965426040559827,5,72.11011866650577,0.01,78.25,22.5,51.75,319.516474510314,787.7800894490226,0.0
139,9;23;12;29;25,18.105159741236562,1.7274764747614546,0.3082501148158245,0.33419299212357695,83.53920362911289,2,5.220661917514531,0.1942120415156193,0.20827918731126646,1,111.85335798849363,0.11,167.6,0.0,163.8,1557.7486888182107,465.0008653881199,0.0
335,15;20;8;17;1,18.7880861257071,6.982463477677499,1.8434712986543556,1.023591294666746,61.3492137956107,3,8.438525649869144,0.1072426195071506,0.0772533570521197,13,20.044711406019523,0.09,4.0,0.0,0.0,66.15140244853617,706.255250294459,0.0
331,16;7;12;8;30,5.781509932776004,9.10591905310465,0.5815632067912893,0.8467691643855738,2.8058320484608545,0,8.516882483031367,0.2954131233026678,0.010905428424380604,10,78.96564101911866,0.07,4.0,0.0,0.0,39.54496048252095,42.01795037615757,0.0
323,17;22;27;28;7,3.7449979746418562,8.2118911305529,0.6838583456334892,0.42833956751617724,9.054326792485645,5,0.9376272928293161,0.20866848097726454,0.08664663241434471,7,2.4561654878593386,0.05,4.0,0.0,0.0,14.254216803077432,20.94235587590227,0.0
48,9;5;22;7;20,1.491522543660222,2.523476536385835,0.3266540250478404,1.7203775790083913,53.56995065931858,3,1.9118504934802942,0.10086928829517618,0.023506413089651765,0,63.43739910081731,0.07,269.6,191.4,74.2,182.19651323109503,61.07534966587889,6.798663015550925e-14
165,5;1;21;4;8,17.74374458085668,1.898385888080143,1.2927425390709064,1.8407871252217456,3.1495766098842304,4,0.9028875104891424,0.017262899727737757,0.22477064613860778,3,128.7219407380766,0.11,205.6,96.6,105.0,1512.2094308486046,7939.367310837583,5.069225002995024e-13
336,18;5;12;16;28,11.46469975361197,6.812201270088842,0.19380306156390292,0.9910649662061448,3.7758853080698263,2,5.827151829244233,0.14355917761018347,0.10533724057060874,10,93.42919938389491,0.11,9.0,5.0,0.0,96.7231526796256,11.413046414284718,0.0
326,11;19;24;23;29,3.9216562293074335,3.399875857167988,1.0537166862733116,1.6369082388233567,69.0235713639916,6,3.1523822766310126,0.14731555484513875,0.08499673236568733,9,134.6486099415803,0.09,7.2,3.6,0.0,31.29715115545405,109.16976990609642,0.0
311,5;12;20;16;29,11.989860360963187,9.868153928749063,1.2830860436580847,0.5737381370782979,77.12576567049652,3,6.072164787164914,0.19438635574901175,0.016986286890871793,5,74.99285581882775,0.03,57.4,0.0,53.4,275.8007618141282,1426.4511266217166,0.0
338,12;29;1;16;11,8.235019218256213,9.32485784770433,1.5999356399006688,0.08617257920775041,30.96255812627202,0,2.2295078277798517,0.13702398731166018,0.2112304427230387,12,53.936565984549325,0.09,3.8,0.0,0.0,55.47920649256853,446.15435757346694,0.0
315,30;22;7;11;2,14.678212849136344,9.652649263452927,2.226919062557992,1.2640323087748147,85.38670271233045,2,0.44060577311764487,0.08557078839503053,0.11327258855284315,11,64.45638150139307,0.01,46.75,43.0,0.0,409.73727725953273,6383.578680526965,8.294486377593458e-14
352,27;10;20;30;11,18.645659365668454,0.5408665504767185,2.477956437242518,0.9056586552451529,83.02337056339319,5,1.1216527543076245,0.23960611649361468,0.11956868602326647,0,65.07829437183146,0.03,3.8,0.0,0.0,0.0,0.0,0.0
217,26;15;8;9;12,2.492538272974799,4.666692833270073,0.724867299320703,0.634572369530711,20.56423001719756,4,4.4357003504530255,0.04941913262473611,0.21813693865449263,0,34.20862389800473,0.09,62.4,0.0,58.4,97.32583753915272,160.65529298060346,0.0
356,1;6;19;28;15,8.98813627566088,0.06553043238396339,0.5588743187846371,0.3620327746157953,20.449402025338525,2,5.615927573278966,0.1755479240056345,0.23847584825493426,14,39.10006426396102,0.09,4.0,0.0,0.0,0.0,0.0,0.0
351,25;13;6;9;23,0.4112912720024773,6.411626554395138,1.6124131952602658,1.508001937076868,18.89989002434306,4,7.773748889376108,0.08534853151733698,0.056949979365663914,13,21.454701089824848,0.05,3.8,0.0,0.0,0.445199364095578,3.636278140202922,0.0
276,14;21;2;26;7,15.912689479009472,5.970886085862741,1.4330094604844732,0.9666059515859321,82.21726030774504,5,8.927541645122707,0.07153606249334225,0.13528572216558601,3,102.93448970482764,0.07,153.75,47.75,102.0,989.7383144317125,6385.109810867954,9.677610249971416e-14
344,20;14;21;10;6,0.5668420819333637,3.136330062343312,0.7522319663385525,1.362912053476353,32.31540036728692,3,4.925516036897722,0.2629942622677558,0.05096316384126043,6,60.34654959692611,0.01,5.4,1.4,0.0,2.747270189835747,4.883765654607101,1.9717278511814393e-15
296,9;2;1;29;14,1.7505421795210485,9.710290822016049,0.1367439064414122,1.5993424407378376,85.49368729308856,1,1.7649723769494445,0.148642014865514,0.25919851134626554,2,17.032738885672487,0.09,85.5,0.0,81.5,80.10720620186638,4.705842886254238,0.0
301,20;12;22;3;17,7.949747565944563,8.420237182231414,2.379631433097978,1.1739597256614678,81.3768775145734,2,5.227508531028564,0.15069599505702977,0.05476883573787262,9,57.39253355902494,0.03,69.0,65.0,0.0,282.7466692023309,5029.985860538699,2.040837205148421e-12
346,29;6;28;9;14,8.927886163193202,5.820228174679568,1.8110951857340019,0.1317211121358551,44.55856714855552,3,1.3363081047324379,0.1121589310659846,0.24090262875272736,10,70.82449186071226,0.07,4.0,0.0,0.0,61.64451476187249,635.2239489420192,0.0
75,21;23;16;1;18,12.826879791710589,6.603382756716901,0.6948530198360503,1.8409288525767982,60.93793825477694,1,5.71295943343665,0.10085539735325268,0.2602307003498649,6,109.89688454512715,0.03,302.4,181.4,117.2,1518.6568753602874,2303.5382706227556,0.0
183,5;7;24;17;2,14.849100431588198,7.74935711626545,0.41059206492133965,1.1353457064287074,51.50893079012492,5,4.534198026684104,0.10403176552918698,0.1334005999257279,0,132.3282183264889,0.07,277.75,129.75,144.0,1524.194721829308,807.256275762408,0.0
317,15;13;22;21;20,14.683705540986523,5.1027558664066905,2.554331659024267,0.2212186821224092,76.6218898868719,3,0.40992987080742344,0.24634656576883024,0.08137091156196298,6,24.919245757304946,0.03,18.2,0.0,14.2,119.71671699598247,2453.913464942939,0.0
359,28;27;9;10;13,5.677830425723534,3.599197633619462,0.008299197026248394,1.6307799634855311,77.18546338729591,2,3.7439219528250396,0.2925832480324692,0.010015547672313895,10,3.1951012603273243,0.05,4.0,0.0,0.0,0.8511989557813442,0.00018418451080654382,0.0
357,29;28;14;8;2,12.5473207411845,1.517982328820544,2.16813772856829,0.6044019985034749,55.04435106045909,2,3.612684753635505,0.19345257513813044,0.2450569086891458,12,107.53323366040854,0.03,4.0,0.0,0.0,87.7757657422123,1296.2782471995265,0.0
365,23;2;26;12;17,8.820504617290394,2.879811559765707,1.9777851483760116,0.7659436826003162,92.01460640998398,0,1.2648726088079485,0.2131522762625145,0.12043593423440822,0,3.554974524262391,0.11,3.75,0.0,0.0,1.103790247245163,13.564214465846078,0.0
37,25;29;6;20;15,1.7713674806327993,7.028682554634424,2.2098240088263954,1.862866716714609,47.6389926954512,1,4.488282943170304,0.1145383078644085,0.26780235722251583,10,93.41868460595902,0.11,187.2,183.2,0.0,171.1268366654413,2625.3267907073423,3.3846134324406516e-10
339,4;2;12;11;27,5.660161444969198,7.5240602943791535,2.132377398187541,1.1817758177806443,40.446412536322384,4,4.567365970689831,0.24987301962331104,0.059340342555181974,6,49.32215294674463,0.01,63.5,25.5,34.25,146.31620276998262,2090.11622068839,1.3983662505052247e-11
306,8;20;9;25;15,1.3869707061781438,2.302403651951044,0.03595098590352714,1.2053438254555,8.0726107984052,4,0.7175272550112537,0.1353364487281917,0.2308793521108457,4,18.72178721138638,0.05,48.8,2.2,42.6,25.9170552776379,0.10523425655621473,0.0
354,3;19;9;15;10,3.577870647693614,3.998383499200732,0.4165227996902774,0.26020391744938065,86.52789373431449,3,9.01699002662375,0.22262034262503466,0.05237712802814752,11,74.10406433846116,0.05,4.0,0.0,0.0,24.984209353592583,13.61736382003314,0.0
332,23;24;8;5;18,8.74822611062273,7.666508317721727,0.6384574193227289,0.7112649803492779,92.68797936167874,2,0.5365998945517888,0.2215198144236861,0.09523429891121005,5,59.34925870988811,0.03,55.2,0.0,51.4,213.50574855563087,273.4156199245766,0.0
362,12;29;26;19;1,1.0055993379431203,8.898412114845621,1.0713640188553843,0.7889111681838618,87.63875963659612,1,5.156651233991802,0.1422441572091944,0.2978289116331225,2,3.945906535256545,0.01,5.0,0.0,1.0,3.774376713944912,13.610348019954392,0.0
96,17;27;28;1;11,5.59345479124435,5.431691781088885,0.7268948163298543,1.7700727222979011,39.15466461873797,2,0.2294045439785165,0.021071748282329116,0.0026473808806949384,6,110.57193162528935,0.11,199.0,111.4,83.8,451.86880439579545,750.0761842349016,3.516105359367705e-14
350,3;11;15;1;16,11.403182428727934,7.93592163782937,1.868336220181971,1.204457994089629,23.43953453327169,4,7.070104371230094,0.14904776355114802,0.12897865483100104,8,72.83197555352287,0.07,24.0,20.2,0.0,169.68686427774546,1860.8362743780933,0.0
367,9;1;10;6;13,18.88840961617882,3.500929286546021,0.9512677091121822,1.070104909839519,22.622318871285497,4,4.387503360718146,0.172072331983882,0.2632842331607341,7,28.488549177114667,0.01,4.2,0.2,0.0,71.66452618952063,203.73217245328496,0.0
379,23;13;4;30;17,13.348761857218172,0.8027192859485188,2.268946447200959,1.0012511168220786,78.75841280676606,5,4.5350232709395675,0.22908983994870036,0.04365780199045501,8,122.2006205122751,0.03,3.8,0.0,0.0,9.330559029867967,150.90583356829868,0.0
372,13;6;2;30;8,6.098017322165086,9.739844691288141,1.5559884604742047,1.5424976494217049,61.570938183383475,5,2.4941777234734808,0.09690227164653803,0.21720930459910212,12,14.859772563958076,0.11,4.0,0.0,0.0,40.97905377335378,311.6912010888606,0.0
353,25;24;10;29;6,1.548986112764347,8.50714263416275,1.3250315377568986,0.8387646932345858,47.26090037831516,2,8.387968640744097,0.16505153483588203,0.029199382190842046,12,46.87383135477769,0.03,4.0,0.0,0.0,10.683369114207043,58.92648512995055,0.0
360,11;10;20;3;7,9.031656574272931,1.3389640132785385,2.2782901700624945,0.6786887532031145,2.568596902718989,5,8.60126727164353,0.21084825085508302,0.27597653062747307,6,126.8362475419751,0.05,20.4,0.0,16.6,102.52841119037976,1671.9072185481277,5.706439079461499e-14
373,27;25;23;5;26,18.129521564441436,7.350998347079191,1.2984129761609826,1.3066169247676511,79.09744173966205,4,9.012294818331489,0.22732159693801315,0.035972503065376436,11,24.364971768652218,0.11,3.8,0.0,0.0,65.00369512430298,344.2814407032316,0.0
150,3;6;25;13;18,7.109607060604114,5.863982529400122,1.1563557282304124,1.2203885095707563,36.32941667284778,1,6.833568291925445,0.09396313918819037,0.15787491149156227,12,57.57665391848537,0.01,242.2,238.2,0.0,804.0018614412229,3377.457082408097,4.857925925750774e-13
363,5;8;23;6;15,7.188415333374875,5.782412544367396,2.4573815360729774,1.5318686217436375,96.62861260821421,2,8.060713300224469,0.01575573636654277,0.273573352344427,12,53.797901515661614,0.01,11.2,7.4,0.0,85.70656449625947,1625.9573190504063,0.0
370,29;10;21;8;3,7.841603776520799,7.598302789628841,2.3035584630851256,1.5360617005249544,32.490708628133724,2,3.7056925957147038,0.14618682226637425,0.08857398714967439,12,12.199644103175222,0.09,4.0,0.0,0.0,50.953346962795386,849.4172319279405,0.0
299,11;21;5;26;27,10.58012791097423,6.34459163508099,0.7787682890934768,1.5276730208937377,73.32037307568365,3,2.532741980655719,0.2618305580363085,0.29906464484344464,8,112.38022184555007,0.05,45.4,41.6,0.0,270.8786126273884,516.1086134786545,0.0
303,10;25;12;13;28,5.52509590722208,8.788644502598276,0.638567739231785,1.929271636957801,19.71178602249545,2,7.693999791593736,0.11718377609086428,0.04568218976939614,14,66.68092274411006,0.05,120.8,116.8,0.0,321.0681771991325,411.3022479038238,0.0
56,4;8;7;3;11,14.316585116814611,1.4773114204947801,1.5836586770977088,1.75922716200676,46.74983751611046,4,3.597322096314518,0.15166078710798767,0.19788065045753278,1,139.1181278480326,0.09,303.0,173.0,126.2,1923.2762041719864,15153.560959102813,1.4739454553277609e-12
375,5;25;7;6;15,1.2728411210051522,1.18144468898016,0.27658261231945985,0.418750502996392,29.02005739834288,5,8.840778365296627,0.09640981663533825,0.22839661641250655,8,77.38735489953791,0.09,4.0,0.0,0.0,6.307560026178327,1.5158667023531585,0.0
376,29;17;12;11;18,17.916442503604895,1.526792696344541,1.3701061981742881,0.3365449455003749,18.20596875576769,4,2.791712955068206,0.29846495338173434,0.24289586736705646,14,78.75393316448083,0.05,3.8,0.0,0.0,111.85332015937452,659.6403517349997,0.0
36,30;27;6;29;3,12.157611580639944,2.626725335694392,1.7489785145608918,1.8591786232930099,35.50006341458695,2,6.630230405890729,0.19954522802791785,0.19026082252020562,1,136.2358177255488,0.09,426.2,299.2,123.0,2205.6948168435783,21196.504327850416,1.1667579296109192e-12
377,16;20;19;28;5,0.9426834361705346,4.960384196174617,1.1711532056413678,0.28615988025181827,57.295138251461296,3,0.394884925723636,0.24188055371484185,0.14599057259986467,12,118.28622675949629,0.11,4.0,0.0,0.0,6.578016713835112,28.3447263348736,0.0
394,16;11;17;12;5,16.36675545901256,0.8384327713299966,2.607362213718423,1.8748613609289233,64.87649952247892,3,5.36260408223031,0.162523197044506,0.1395823109206797,2,50.73974871340772,0.03,3.8,0.0,0.0,1.9156799893726557,40.91434191673443,0.0
204,29;1;19;24;3,13.566325595693815,4.636399144200212,0.5830294164212807,1.4124526465546572,97.38217832691747,1,0.117721113322222,0.012322293140281604,0.10604652237027308,6,79.25818209588715,0.05,252.8,118.6,130.2,1358.9887773452424,1451.2648537471662,0.0
181,8;23;21;11;6,8.311675038595416,4.3367717168065205,1.4373249868983695,1.3405787571199637,62.0608526508896,2,2.143636178076729,0.08494928952185082,0.19123027401834783,10,134.47892039605435,0.07,106.0,102.4,0.0,487.5127066576106,3164.0676725595613,1.2210090532521793e-13
380,6;13;7;2;18,10.273560270922305,7.718658523934443,1.6485799698637102,0.12955569120848803,54.22635486728872,0,5.715449818850318,0.25601933797958587,0.16844449550535157,12,21.30253476293051,0.03,4.0,0.0,0.0,64.06002612803272,546.9618325205649,0.0
59,5;8;14;7;30,13.790029827179925,2.7340554058146793,0.6539488054238174,1.8836774084856318,58.92436331941519,0,0.9601652140296437,0.16778008231505362,0.2543674567144183,5,68.95474673828666,0.09,380.4,153.2,223.2,2035.2707811595005,2734.3844276168543,0.0
361,21;2;26;5;16,1.046731482968939,2.7621906961386564,0.09161788657835562,1.018283426536668,42.174082152835844,3,2.6287606715597907,0.22937232007046982,0.03577860265134553,4,53.89449426426716,0.07,48.5,33.0,11.5,28.94360840583669,0.7632434485356784,0.0
396,12;22;10;20;2,16.741582694171726,5.3291184371251985,1.2485249297382797,1.4144682958397705,46.98286558953784,5,4.760146763139664,0.26325969736451826,0.28397742125776104,13,52.05422709128604,0.01,7.0,3.0,0.0,116.86761697755202,572.3194404356857,0.0
369,6;28;26;20;24,5.318314673105552,1.646227899152205,0.4758833027133484,1.0725090840238973,28.625722586581148,4,6.128644037083171,0.07816132696771116,0.2862320061298328,14,84.79334748324582,0.11,31.6,27.6,0.0,94.9098643974369,67.52462167289957,0.0
282,22;28;15;1;13,12.938234242994602,6.557814732670261,0.2835813269002239,1.9056468759718141,33.604718004805456,5,5.574482991698566,0.2852632756967435,0.27735039545654877,3,127.07553360338754,0.11,191.6,91.2,96.4,957.5343410102518,241.91315845272703,0.0
308,11;18;27;8;5,18.69277586502887,5.2357888640196055,1.7196361546671128,0.839042466272902,81.15923088677583,4,3.8160874942237486,0.06864433754005703,0.23653661085934377,3,115.45129298183068,0.01,116.2,0.0,112.4,1034.136615560577,9607.290501571504,6.322019328150469e-14
194,1;17;5;4;26,14.493861750699654,3.9636379317426904,1.3126361615716204,1.8684312115050885,1.2711488038622987,0,7.4826058833129006,0.254164149680855,0.14946943346428462,6,136.16114598268902,0.01,259.0,175.8,79.2,1568.832647545822,8492.102352301163,5.833337971155686e-14
371,8;13;22;1;4,3.2516783324273124,5.026545368448988,2.0833010615737417,1.4748795634438259,2.978499933228229,4,8.181391646318641,0.23689823948740357,0.2801303080204527,10,36.82922485398429,0.09,27.6,23.6,0.0,53.19164944019178,725.2661373520699,7.837620846981e-12
387,26;15;20;27;11,16.373986649114293,4.6667861783114475,1.2003622222020227,1.6178041150815303,89.72080296960179,5,4.1119727679603075,0.017428784384191865,0.15110372479089199,0,4.560415186012108,0.11,10.8,0.0,7.0,44.457445466453116,201.2421807246206,0.0
392,3;15;20;5;25,0.3568765432472868,1.8694327673026623,0.33687990047478006,1.8018679688183852,89.94068739006079,5,5.586889966246034,0.11182105753312012,0.2385022431588,5,70.8463710119977,0.07,4.0,0.0,0.0,0.2852575687945818,0.10170381625854945,0.0
322,17;11;28;8;23,9.824678481743831,6.383992111258624,2.7151865846423173,1.1157901318593273,56.74177612225117,2,6.279982307255701,0.07393771483703636,0.17472030226216573,7,128.57986586113503,0.03,108.6,105.0,0.0,554.7140410662727,12847.49300999063,1.382181131100775e-11
329,2;28;30;9;1,9.035272272904876,8.654268990119848,1.4345108946951082,1.5987642182853061,0.87306139141482,3,7.4013796942222125,0.030824391493184167,0.11050532954150853,5,59.42112401740011,0.03,173.75,84.5,85.25,556.9288545729025,3600.4542257499506,2.9832294739561624e-12
113,19;28;29;6;9,15.672624146631522,3.0603784546231685,1.3281962519240802,0.8480319657202706,3.3856367000939414,2,7.1833260936518615,0.26721583309690355,0.18497532395460747,2,44.43753478329859,0.11,319.4,0.0,315.4,2056.5648488746656,11397.68845860734,6.514847361895025e-14
397,27;6;13;8;17,0.2469706514916556,1.2297976101139574,0.16304154953611827,0.5052001672361339,25.78427583555537,5,4.4272646825543305,0.07238107287734662,0.06748044924880238,1,66.42592114967559,0.09,4.0,0.0,0.0,0.12294835190190057,0.01026760546722764,0.0
154,15;14;4;27;17,7.6277158545866,9.31677769207346,2.5293235946906147,1.3982243524380622,46.815724581329455,0,4.588396214903739,0.18275012188864057,0.22836806776016869,7,60.36398394431332,0.11,246.2,242.2,0.0,748.4568469977162,15042.68734865234,3.3592719341952463e-10
400,6;11;25;2;22,0.6344165552003266,4.015832207803054,0.9943811927413588,0.8700133112574583,63.096574513299764,4,1.8637143107566172,0.08156463195399972,0.10888068563040382,10,50.74745563679908,0.09,3.75,0.0,0.0,2.705820985953394,8.405329379799724,0.0
390,6;26;5;3;10,7.7242584047630976,8.115097139877346,2.072806353374814,1.7221092808947243,23.87697322971175,6,5.977172040943281,0.2233256164492347,0.15351968219825196,10,54.32757301156637,0.05,7.8,3.8,0.0,59.5615096054362,803.9573898386419,0.0
366,27;18;26;10;20,1.40129999329195,8.18681135181686,1.3912573911465032,0.4145744369668787,2.4787949228232797,4,1.9988498500931273,0.023980865374822156,0.2813054615426291,4,76.23961783570905,0.11,39.4,0.0,35.4,31.312937991415264,190.4095206881961,2.9817523486123654e-12
410,25;12;24;13;1,14.743278804896017,7.149492772982706,0.022940692273905272,1.1402254189631704,78.0500694357389,3,8.624802584734324,0.14951395934409234,0.015371930176293168,13,0.276631340582818,0.11,4.0,0.0,0.0,0.0,0.0,0.0
409,11;13;26;29;24,12.344087689501531,2.047236042444923,2.659674012192304,1.8597845909164497,3.577304485000632,5,1.474416396452554,0.2446799240632352,0.2771896977355031,13,7.958693130887397,0.01,3.8,0.0,0.0,2.4683414040800575,54.85445700914609,0.0
413,5;12;25;9;2,9.709450425942412,1.1231537764970345,1.2016875670502294,0.10145445267701701,62.55456555181904,1,0.4054739235204523,0.016043603262193683,0.21212487264461746,5,15.48643935918513,0.11,4.0,0.0,0.0,1.2299336701384536,5.579749464539618,0.0
364,23;9;29;2;14,14.532903881012663,7.596795174086121,2.6502063998505454,0.891225234491285,3.8170045048381174,2,0.3468116547061139,0.24307172788274764,0.2827223426281421,4,15.985924599017077,0.05,90.0,0.0,86.25,506.997908671376,11187.046348720334,8.713855404440161e-12
393,29;27;21;22;28,0.7145970814828564,3.9654886186467597,1.337937825673276,0.2512241207578439,21.006993418089912,5,8.654722387913337,0.18623499448156552,0.2601104301647324,1,74.61825911488563,0.01,4.0,0.0,0.0,4.991982849686304,28.07338758018117,1.4460220131290582e-13
408,6;12;2;23;26,10.413123224631471,3.461636154403581,2.4635227640069113,1.1742326914344672,24.089704176579097,3,4.478346589619971,0.12682120690788204,0.13533649041572723,11,13.925434766036675,0.03,4.25,0.5,0.0,57.694440758168135,1100.0109291447397,0.0
412,28;2;1;13;30,14.290540513005373,9.351958164325316,0.8987566439467264,1.6919512728544046,57.43432282792491,5,7.369961320290316,0.10625023186359588,0.22398087904243794,11,25.400223511831392,0.01,4.0,0.0,0.0,55.24543233228013,140.19433889752634,0.0
405,8;3;13;19;25,2.498315221220144,9.699104155333947,2.256665054858523,1.1046577611653379,34.80118974680623,2,8.464529518563738,0.12305900175675007,0.06689579712712376,9,15.37055501680932,0.01,4.0,0.0,0.0,17.001535123322423,272.00207507699525,0.0
404,20;24;27;18;21,18.165294806848962,8.986982026705357,1.744434661513187,0.08328574795591599,73.05222814896024,6,4.585903223617573,0.014843969588642224,0.21891453070734496,14,104.51947125019565,0.03,4.0,0.0,0.0,122.06551277511478,1166.9500511742294,0.0
402,26;10;4;21;7,17.886498485285596,8.6043136024364,1.1416477817277377,0.5865071131501648,31.267714885594355,2,0.8872439737527086,0.29242628522491276,0.05180516257017188,10,77.81294116326002,0.07,4.0,0.0,0.0,119.2733133843285,488.37950573289874,0.0
403,5;22;17;14;13,18.74268092195285,3.0253715326435526,2.244959525823865,1.9220742489905722,24.647381034077643,6,4.48571347450002,0.07523779687147286,0.15961075146453457,9,100.44970737281702,0.03,5.4,1.4,0.0,137.18092371579633,2172.0040297999903,0.0
406,20;11;6;15;26,7.257662894697263,5.899455074088868,1.2587024983656567,0.8825872195529071,76.2923873005924,6,2.099789950129351,0.035531813295247607,0.2580793099881387,11,90.08119240222659,0.01,3.8,0.0,0.0,50.3008002507341,250.36346618599833,0.0
417,4;10;26;30;7,0.30909148705371176,9.706349027575273,1.3675836946486957,0.45588766630713184,36.38904885394643,3,2.7302165990373823,0.23241848523850697,0.14841486672108087,4,139.67341656637433,0.01,4.0,0.0,0.0,0.599362389731556,3.52165808463144,0.0
231,26;19;10;2;12,15.422241616568968,4.879366500580719,0.07705314433104324,0.8095940442730292,44.640974157338874,5,8.432394439296235,0.26837356441078186,0.008416364486458926,2,13.276726605307065,0.07,323.0,0.0,319.0,1935.9366975729872,36.1095234294148,0.0
418,3;25;2;23;28,10.859894112257814,6.8733266574763086,1.3812703191501452,0.793409841175755,84.11570523769493,3,4.428410522804581,0.015381821500545999,0.24319261605828105,8,115.93038684486385,0.07,3.75,0.0,0.0,74.78891418831384,448.2749391128476,0.0
414,10;2;25;29;28,15.053889772243522,8.03328863742174,1.480751887551365,0.9177080060542234,2.094715984598039,5,5.256206258060809,0.22645380776617877,0.24617375626608776,6,34.75528906404569,0.07,16.5,0.0,12.5,111.45200662258338,767.7191161028636,0.0
148,17;26;10;3;24,8.852613748506158,3.6367389361751936,2.3344546587732915,1.6575231381982263,75.40308853409708,5,7.138854076566405,0.27116480425914335,0.11807577542254492,1,91.27431983842182,0.03,353.8,200.8,149.0,1283.2030557298738,21969.296200343717,2.172752954872212e-11
419,10;15;25;9;21,18.649793840059644,2.0977268560311546,2.53424658126989,1.5816366089752467,53.74797464781524,1,8.328488871516324,0.11115854659487623,0.2266793092388427,8,29.869008651765043,0.07,4.0,0.0,0.0,58.67100990936418,1183.7804820290432,0.0
382,15;5;1;4;24,17.31311872277469,1.293177314196725,2.5020524189391717,1.219893971953004,74.0383922052886,6,4.200793093417466,0.2510432731746868,0.17228969549338266,3,63.11859389909687,0.03,46.2,2.8,39.4,341.57477666285627,6717.821715627225,9.897030955938907e-13
97,11;26;16;17;22,11.339641659286421,3.768123214431851,0.8080111475030303,1.1443014512690082,73.53678515590586,5,1.8177259899480382,0.09226894442602926,0.2930789218115536,2,90.52267228191752,0.07,449.4,188.6,257.0,1987.1220039181594,4075.7647602712036,8.71643785205204e-15
435,20;22;2;8;10,12.156673824622374,0.7350782630402075,0.8547929792521294,1.7789872544967946,47.46788788230808,1,4.399129677043947,0.06514191364123142,0.06786560882930912,12,75.64104695212599,0.09,4.0,0.0,0.0,2.3233605174304954,5.3332061401810575,0.0
420,9;19;24;18;16,14.558758735972663,4.808181000570782,2.7943977390924566,0.5276796176421679,13.041869580406129,2,5.882057161417187,0.25009270977273046,0.1331637485334186,14,114.10806083859418,0.11,4.0,0.0,0.0,100.54457767073096,2466.5218633855498,0.0
122,19;17;20;13;16,5.794187102980831,6.4329793069727685,1.3241077546508317,1.6858112652891948,33.77670540717427,1,8.900530784291517,0.21137754483959945,0.0934465847925372,14,125.6354120805684,0.01,248.0,244.0,0.0,670.6954389896237,3694.2125868837406,2.0877885127417435e-11
297,12;10;22;21;4,17.840803835728437,8.74237047079586,1.8342729854807767,1.40563732756589,23.222261482751204,6,5.577679964116754,0.2264016318570712,0.04511344377144437,3,78.62078936753646,0.01,225.8,62.2,159.6,1326.3003404288822,14019.08580022023,1.2414175579956893e-11
347,4;27;24;5;6,14.541405994520394,3.5206516547848365,0.25866213642281216,1.0906073781455026,27.0910402498045,2,5.753727306722784,0.23013622002245487,0.22219805638733192,13,127.38642209004517,0.09,91.6,87.6,0.0,714.218825277423,150.12287963658977,0.0
386,6;24;12;7;19,3.208432235478814,5.19890575845392,0.9493286865587104,0.4986924201737569,40.84521067267078,2,5.458463607182917,0.21514964205581774,0.22376099904890875,0,96.20415988028353,0.09,33.2,0.0,29.2,73.20586020868532,207.2664122132869,0.0
426,2;16;28;23;10,17.901353348015146,3.451468036694003,1.8572945263190979,0.8282352218305805,61.228409677322404,0,7.228954968263676,0.2644452394166826,0.21526394359661033,13,97.3525585256932,0.03,3.75,0.0,0.0,124.67202582494484,1351.0780762641566,0.0
355,6;9;17;10;22,7.4909623824489024,8.959105586976646,2.1238735777716276,0.6867809023057633,27.747430155538822,4,8.222981595382102,0.2573973278382223,0.06374959824025762,1,110.83507400363628,0.09,67.0,0.0,63.0,289.12889127748014,4097.308717059073,2.4541465556291763e-11
421,30;4;20;26;3,11.398032049360454,3.777146329273662,2.254374740030366,1.8591418876496355,27.908970811912916,5,7.9579903547251565,0.29058641487620424,0.1813826410749198,7,57.059809047439494,0.09,9.4,5.4,0.0,97.76443129429214,1560.9283560250065,0.0
424,27;7;3;26;23,19.02571495898272,9.632380256715406,2.5424393107433136,1.6078920572140338,31.135449830125218,3,8.699145070161286,0.11321546044403691,0.26842369325804527,14,4.1452853746774965,0.09,3.8,0.0,0.0,55.889175152825466,1134.955313870974,0.0
374,17;11;23;27;6,10.628364311936926,6.680590347749932,1.6283290410165314,1.4037969453577757,50.42122225428769,4,1.5751850231380624,0.034835808373610645,0.19481503422420715,10,66.32664972349018,0.05,21.6,18.0,0.0,157.6591467776582,1313.268059222103,0.0
430,29;2;8;7;9,3.9837429597558005,9.420532228161006,2.2216977084744256,0.6203614605267088,21.31552149444904,3,6.759763499716277,0.2555916974805965,0.09084586667217232,9,99.03478361874662,0.11,4.0,0.0,0.0,27.103803576937388,420.29095928070865,0.0
437,9;26;20;6;30,6.960840276869438,4.969491698781569,1.037183081030674,1.8276573139193593,90.33957634694974,6,9.118957442979653,0.2750094292540779,0.2824483440417681,7,0.9294144115410341,0.05,4.0,0.0,0.0,0.0,0.0,0.0
423,29;8;15;28;21,12.084180361532326,6.96488744135337,2.4354577671134128,1.5045579306302552,80.28432662510994,3,5.374498836538901,0.19139463525224576,0.18070649650601064,6,19.251605190659596,0.11,19.4,0.0,15.4,102.80308489758639,1915.6546831728187,0.0
232,23;1;8;13;22,4.1608354614817635,2.3641152667218837,1.275644323837653,1.6770382321942037,83.19008440350436,0,3.5668694620885497,0.1418047406944036,0.29827459209317475,6,75.19290783700049,0.07,341.2,196.8,140.6,601.4908251671286,3074.950165838747,6.486122291459083e-13
254,21;15;24;18;25,6.784756736923606,2.0372533376162605,1.2137370063444755,1.7974280964550988,98.08200334626936,0,2.661054467297232,0.13943740577785535,0.2819379031567053,3,59.115215205372664,0.09,276.6,23.6,249.0,785.4017869665283,3634.8872572271875,1.9504267405417047e-13
427,6;14;19;10;15,5.7640806813712455,9.060599248678935,2.2912054299780094,0.4072516116875038,25.362559338187097,5,0.23906144111696045,0.10005471631869259,0.1876547014465476,7,42.18418119536865,0.07,4.0,0.0,0.0,39.13486189546024,645.4189879301764,0.0
337,4;24;12;19;7,16.444125963067897,6.501789795698725,0.8189652566772725,1.660260371436718,23.94087907506566,1,5.3006324081973855,0.22504576226065462,0.25987494704288844,10,68.28581209739907,0.03,97.0,93.0,0.0,943.4996030712522,1988.0282445247144,0.0
433,28;4;16;18;25,14.59465824549941,6.469112748856462,0.005142261872679077,1.629194605256566,68.34770186885405,5,7.660520233633966,0.1905440065234498,0.23386581327043085,7,52.89147968405546,0.03,7.0,3.0,0.0,107.78471421151339,0.008953965699506508,0.0
368,8;5;15;21;3,1.437303448292263,2.7211829071145255,1.1059941943151648,1.236875411865829,31.522338609551348,4,3.994542699204074,0.05780298124938112,0.08451208202317988,6,111.73801502411109,0.11,29.6,24.2,1.4,24.604035705575704,94.55008329357636,9.616461884202775e-13
448,29;10;19;28;5,11.596592848809525,0.06799291506349392,1.2456435051352412,0.1033497881407878,85.55121613717372,4,2.065992408576803,0.10631624356167581,0.23577189229544535,8,12.04655877302133,0.01,4.0,0.0,0.0,0.0,0.0,0.0
422,1;6;17;21;27,4.858904109317878,9.338268511875572,0.5126879716655072,1.1693399696879219,32.4409016824025,4,5.92546087863737,0.14711188334182065,0.1999329128476991,11,106.71166231886053,0.05,31.4,27.4,0.0,83.52927475001059,68.97549727709357,0.0
348,5;19;16;6;8,18.90795570537573,2.8071019354140425,2.735005634427255,0.8586201766795284,87.77837926460646,4,7.1454638419405105,0.280793276681975,0.2034958010772543,3,63.121061480944824,0.05,132.8,0.0,128.8,1079.5142857420408,25368.495826136917,6.814142006761949e-13
428,26;14;29;13;10,3.908323085606913,9.757323801990495,0.30928214145881694,0.7488751413275958,67.78505840353924,3,8.28499683321214,0.17876481647154166,0.26489308520908417,5,27.76302034856762,0.11,17.0,0.0,13.0,49.974836873593425,15.017960072101241,0.0
395,26;29;28;17;2,9.585649437521187,5.3560416371085235,2.2348691811387664,1.2498910617173622,66.08427966122292,4,3.6294773834396157,0.1787670367043149,0.1482713609143835,0,105.67163393084357,0.05,551.5,287.25,260.25,1849.8855957937733,29026.786374766634,2.4659659742811133e-10
66,20;27;1;23;30,10.274845421372211,8.885640570053711,0.37354842424494916,1.2138188755724062,9.68875953478875,0,4.533061047526827,0.06215420433036836,0.2516743761706549,5,132.55997479570485,0.05,465.0,276.4,184.8,1769.4004031431746,775.6571712609871,0.0
442,25;8;23;10;11,4.749783310348981,6.450633992628188,1.3734197874992573,0.18393916586119116,71.36631710551875,1,3.129016299010531,0.031163665631046333,0.21695064391466565,11,42.66773276597469,0.07,3.6,0.0,0.0,32.917821261507946,195.06868478172638,0.0
381,22;17;27;11;18,11.686649911186171,4.748581215763399,0.16127143212150008,1.6065875612839304,61.33043088519566,2,3.6011727843774537,0.11422773326800477,0.022113829434473552,7,66.87451863762884,0.11,75.0,71.2,0.0,509.7038370768149,41.64689815465188,0.0
439,10;22;21;15;3,14.62749269988627,4.446406762311565,0.5348867769690644,0.6244085184947759,90.6454824121673,6,2.9667525935669907,0.1787673717320231,0.08432547885867804,14,139.04031749848946,0.03,4.0,0.0,0.0,101.82775509630994,91.52500590772169,0.0
441,29;24;1;30;27,4.400509955967275,9.790013690023168,2.7806279210853497,0.08177227763841961,9.548751060438644,5,8.634643626836969e-05,0.04486523118167879,0.1119226776333272,10,108.08041894403222,0.11,4.0,0.0,0.0,29.705586107142103,721.5621717052103,0.0
447,7;13;10;24;23,1.8648710883804394,6.0310093163513825,1.571899898321396,0.19129187752874593,98.24172235534441,2,5.651721333295636,0.03090238773249322,0.15908825406376456,11,17.450306097990385,0.07,3.8,0.0,0.0,12.963436514938234,100.62821977063899,0.0
415,3;7;29;26;10,14.437423163528646,8.027910601927529,1.2401783272053204,1.3048712667841598,44.748056637462305,6,3.7823836141661267,0.20072865337858628,0.20042194468861182,5,97.09837018419871,0.07,64.6,17.8,42.8,356.5902568190831,1723.0092956431429,0.0
449,3;15;18;26;22,5.972776406390498,2.5759426551243134,1.2022512476586908,1.049327722849165,23.09947916607309,5,7.575598454673778,0.23173326218039814,0.2766393950022097,10,18.713666922384572,0.01,5.0,1.0,0.0,33.39969917644408,151.66413790468383,0.0
314,24;12;6;5;28,16.259766251854717,2.185856096530693,2.338699973785396,1.9046173003352498,20.37420532641884,1,2.7551586798281784,0.2015651338449276,0.10564968224885796,1,92.73222216966191,0.09,1448.4,653.2,791.2,8755.74447818133,150449.92417007528,1.4003613882324248e-11
452,20;18;2;3;29,2.113941462990643,7.1999216038519425,1.9484428278612669,0.30827274211972056,89.38351642258694,5,9.082119586682351,0.15121693701143266,0.2739432056861239,11,74.2901673995657,0.03,4.0,0.0,0.0,14.610700101102672,174.25940759890918,0.0
462,25;28;6;29;15,11.403104136872136,9.408670063734188,0.3676961209135712,0.19424639103025865,16.831719906315612,6,0.8596938178725196,0.21156508403631474,0.07184911590406488,11,95.60188865562833,0.03,4.0,0.0,0.0,77.18397712919918,32.7834852640687,0.0
471,8;4;2;5;25,11.621102465088674,4.940196669431337,0.9387632985710945,0.5267796865914612,18.803095407384028,2,7.342171706799655,0.28270145786060435,0.16472677201566038,13,135.4553568824208,0.01,4.0,0.0,0.0,80.72427552937094,223.49418781255594,0.0
459,3;22;24;11;2,12.394015696277044,2.0715212074798437,0.032066070536609544,1.5774244268243973,43.172797162616526,2,8.256084479070076,0.043907505356089484,0.18137286362353378,1,10.018560548877204,0.11,7.5,0.0,3.75,20.91003290530904,0.06754544637539893,0.0
469,5;20;18;14;24,7.633094538910173,2.4077547241762565,0.44524387884828504,1.232664219892543,26.754231969307575,4,5.11955834657254,0.26954934194303554,0.24642362918842065,4,1.2415941341796621,0.01,4.0,0.0,0.0,0.0,0.0,0.0
474,9;18;21;3;11,9.546918756868351,9.942492279045434,1.0705368687050212,0.5410424256622437,92.87479206445451,2,1.3834985196118246,0.1468399731414344,0.055659494091585666,8,127.20829395361852,0.01,3.8,0.0,0.0,64.73740642838708,233.08183390673815,0.0
470,16;23;17;30;5,6.5244950750605915,6.491583530186461,1.1717009767594662,0.9823443881040422,22.987841036529456,3,6.883739956575521,0.1734157733336014,0.2377608030408131,7,0.09459263679360452,0.07,3.8,0.0,0.0,0.0,0.0,0.0
461,24;23;10;30;2,13.591535451793062,4.452400116151182,1.5512841146712502,0.988352297978663,60.199788033778965,2,4.873331315268255,0.01582021291958995,0.1005928561193178,11,14.68873991908585,0.11,3.75,0.0,0.0,57.554296683394526,435.12127106237637,0.0
456,20;26;18;1;21,4.679829098521298,6.085773832864677,1.5846429919592102,0.49445993642942876,16.471024263841706,1,7.178711031790229,0.2771505392931384,0.2723523391255334,12,67.4727812352038,0.07,4.0,0.0,0.0,32.424650802541905,255.79264279756143,0.0
411,19;2;28;10;9,9.5072033184542,1.6302927285844948,2.4259757559093775,1.515641555605484,13.039193149056016,2,6.995367158358434,0.010828825392864682,0.1581665318370091,7,55.46190947348275,0.05,85.5,81.5,0.0,438.6568087240708,8110.5005910116,0.0
477,30;24;23;21;27,10.223930244973,4.526630716121247,1.9242069851822292,0.3383783492671552,75.46664154791345,3,6.310148733885066,0.24897670340708536,0.2815537454957426,12,45.86265606156403,0.11,3.8,0.0,0.0,69.0050530698941,802.665026923104,0.0
436,15;7;25;5;6,0.6454029159615491,8.50097035677268,0.6773815426183226,1.4960527572582303,77.41925563977662,3,0.1347362235655991,0.125985562058394,0.019755507725660138,1,124.11162210619203,0.09,10.6,1.6,5.0,6.431951262046107,9.27169923532175,0.0
482,6;26;8;19;9,0.9238552996934688,0.6520821902031737,2.49276192796607,0.7523192146189563,23.787335840784596,1,7.270599600289322,0.20972519023670294,0.037968170348822945,12,14.963944807210478,0.05,4.0,0.0,0.0,0.0,0.0,0.0
460,23;5;7;22;13,13.7438928904597,9.619687159096005,2.54961234543485,0.6821032929768258,13.073884992996065,5,3.9892532151988496,0.21764693608718164,0.1134373159111558,9,10.57594733865248,0.03,3.8,0.0,0.0,61.565331641592834,1257.2869351681384,0.0
378,7;22;16;4;23,4.8389277572482845,6.915762874489879,1.589201826755343,1.7196034681789722,1.0800752885389397,6,6.35064151243246,0.21712880086848804,0.20915420379124391,4,36.52998544348322,0.07,71.6,24.8,43.0,156.8219408143558,1244.2705101103045,1.8446003288736773e-12
253,24;21;20;13;4,17.063181323081015,2.0666327490260583,0.5678479866114912,0.5349292468859671,95.3944068181706,5,3.1100616261264515,0.11316778554608359,0.29912300263126756,0,95.53621176998608,0.11,243.6,0.0,239.6,1944.6468282512192,1969.9481380819084,0.0
283,27;4;18;24;7,2.616135949043013,3.410546485525284,0.9316555759647196,1.7647277458747879,55.87021274556939,1,1.6438733707378357,0.2500743864204757,0.2801840275681871,7,56.6644719295792,0.01,239.4,235.4,0.0,310.6322799433698,847.0464606154037,2.551650258407568e-12
473,9;28;15;2;5,9.333134971774115,9.709660495484991,2.118986516704771,0.2882451357008037,63.534341203883294,2,2.9202654864187205,0.2902411189064359,0.2981621804248931,4,2.99387705840358,0.01,108.25,0.0,104.25,362.5007046400814,5113.46295880947,3.295579053997177e-11
475,30;26;18;10;29,3.937331880667669,0.9320737570483606,0.0104431195013992,1.2521440832568083,93.60104028500547,5,7.137956513323826,0.11633500571729717,0.011860701611325197,11,76.63126665873027,0.03,4.0,0.0,0.0,4.525816548353037,0.0015506269014178224,0.0
484,15;12;26;24;7,17.781480807640012,3.5914656568413306,2.1343123346305455,0.18895753467200027,86.89670695330032,4,8.957642298586082,0.012785681393215108,0.29099518824837123,9,87.00826661243987,0.05,4.0,0.0,0.0,120.18147841719318,1719.900661074448,0.0
464,17;7;6;19;28,18.542273884843368,4.4739650942538365,0.6524343728866348,0.3585406783098619,70.76623609301026,2,6.100798272602673,0.25498438774064236,0.10702244120787602,12,40.712212787147536,0.11,4.0,0.0,0.0,77.67428763372942,103.8725559753537,0.0
467,29;26;17;8;28,12.081444353822658,6.150881296348301,1.405675091160812,0.21148414294393447,79.66770458043193,2,8.369284241710599,0.09891639790162941,0.0903189583398569,14,18.5064204500091,0.09,4.0,0.0,0.0,56.863770407640786,352.9843278335154,0.0
162,3;17;18;30;2,19.129158063210706,3.234205405634405,2.310452482105065,1.6644444534857938,36.96836944277787,4,9.06859561741201,0.09318644125755506,0.15287733468557077,0,82.78755819211398,0.09,510.5,236.25,270.25,3838.4524849491195,64372.46262119172,4.8082832629527486e-12
489,11;19;5;3;15,14.098491799174852,6.304177607890276,2.635683746605078,1.7529163176179814,70.50747020779048,5,0.2276607339201537,0.2831630760314068,0.11250879942383157,10,59.56070473736695,0.11,7.0,3.2,0.0,104.46598949567765,2279.8768659544194,0.0
491,2;20;11;30;22,14.731390800910562,4.119588396343357,1.608590005561763,0.41347482512240197,94.2818031153256,2,4.796801744006926,0.14384828365596042,0.06725558949688876,5,38.553028823025045,0.11,39.0,0.0,35.25,252.65105983972322,2053.8169282857148,0.0
398,25;1;23;9;15,4.604718597382106,6.643475398855474,0.0063531198010660095,1.4210590783250328,34.168956168326325,4,8.82910089297722,0.08715523440319947,0.003231277441337321,6,72.65435494261135,0.09,41.8,26.4,11.6,95.37576277366868,0.012093777850138465,0.0
468,20;10;2;8;22,10.43588900724677,1.222185868019362,1.9576607241454271,1.5790346010663134,95.13315353371752,4,6.597783213770901,0.1607628803286589,0.07529997248267821,6,96.08329771042219,0.09,32.25,8.75,19.5,162.8544345889292,1960.759452691112,6.106369726829432e-14
485,26;21;2;11;22,11.488633370092712,9.068321357262409,1.17877796991853,0.7875553915263755,0.12024068725267067,2,3.1145583756828197,0.09239039223050419,0.1596746493439146,10,37.671764531583406,0.09,3.75,0.0,0.0,67.80240972764534,295.9777220513509,0.0
309,7;15;28;2;22,2.551875378639021,7.938816807198106,0.6030823776877785,1.3568606341290763,68.33075136096562,3,1.1058783772634442,0.0614100334636585,0.17588762692866977,1,36.562110986889095,0.01,561.25,56.0,501.25,609.0156829402406,695.8756274491399,1.7875869915259325e-11
483,5;28;26;4;8,14.799819209979363,8.805175474111426,1.3629515073883622,0.016332064430615467,16.767024156306466,4,4.028677895743102,0.09691414389813302,0.20249694564438697,12,21.00675415299261,0.05,4.0,0.0,0.0,57.55877127210219,335.9094297108329,0.0
486,3;4;28;27;1,8.187039184732047,1.3393307236723273,0.17533480490468856,0.8438481597969525,15.932643522314338,5,6.2696150914365365,0.2474799358352755,0.13208614103522154,2,13.267461122365379,0.09,4.6,0.0,0.6,2.8667352370209853,0.2768686137629424,0.0
425,3;8;27;7;14,5.001473488920669,4.605043704511186,2.2055480315232763,1.836845814404998,52.26548041514175,3,7.2678789982759735,0.040176722825862106,0.021499928129447954,3,20.91019477226217,0.07,65.4,0.0,61.4,185.13015827244934,2829.1767819727897,5.633918602899113e-12
496,27;12;26;1;16,17.64642037094947,1.9275732309514604,1.1617870604522582,0.030098633146751666,42.57325454936115,4,9.099506676747016,0.11551430888594731,0.11962920698991401,3,133.69699756339364,0.01,86.0,0.0,82.0,774.9953273480958,3286.260805011724,2.910500193241102e-14
443,1;2;24;30;12,13.360882963820625,2.118303973640734,2.457877048008265,0.5193178751447671,68.33218439356854,3,1.1157380475892114,0.2541664763762642,0.05576254408738428,1,19.413153863944608,0.09,83.5,0.0,79.5,399.22096827924054,7576.759890242195,1.2420742121135237e-12
504,24;20;29;2;15,14.200152671402105,7.479063772338747,2.681449934644847,1.961660284672757,46.02003598543071,6,8.178109993417687,0.24549595155457274,0.16668983105104174,12,14.511722326608169,0.05,4.0,0.0,0.0,61.13368380034112,1380.924148773998,0.0
453,9;3;19;27;4,15.574938598436564,2.9639738620358247,2.278173221687236,1.6706244167697435,60.916306836195474,3,4.6416999372766785,0.0779085072217888,0.09652040097483695,6,116.09668281150248,0.09,65.2,30.4,30.8,448.31172196163396,7309.765630759981,2.930879048269223e-13
503,30;17;13;23;10,6.911295383531005,0.1716207286008331,1.1383089112220592,0.09768557065845197,19.43777653772376,5,6.117442389568649,0.21174640218306892,0.24929915336595607,9,89.18439786540571,0.03,3.8,0.0,0.0,0.0,0.0,0.0
444,8;25;3;29;20,7.157207940798362,1.4411717276270708,2.071668701949972,0.22012031630473416,75.69909878689614,2,0.2318163445290914,0.16771706903818231,0.28983109242574223,4,130.35689163085533,0.09,57.4,0.0,53.4,211.90243380555594,2857.106487868497,7.529787585364687e-14
490,8;23;6;2;12,9.489643017963267,1.507675153439011,0.2782402560539525,1.4026119737943399,37.784076761060625,4,0.7003124869387424,0.13956696699596907,0.17256511892191095,14,100.30612009456588,0.05,25.75,22.0,0.0,152.99213415856616,37.20993438416895,0.0
500,30;6;11;28;15,0.7115731828118148,7.908337858042742,1.8956001219973837,1.2738780288801226,76.85738090328906,5,7.955901516919351,0.24101868786735628,0.2765630427463821,5,6.940742589028927,0.09,3.8,0.0,0.0,1.2389835275452736,13.98649392579251,0.0
488,26;7;11;14;22,9.92485543023225,2.871512246566982,1.445163034819889,0.4031238343099463,31.202068296156284,2,3.3512160516587763,0.24617099948928184,0.2784243511885019,6,97.90428772854077,0.05,22.6,0.0,18.8,118.6141385808946,778.2515973081747,0.0
216,24;14;20;10;1,10.540360123811702,1.8254763383048578,1.0432210979959404,1.7549195297707147,27.597822916640723,4,2.8273214640164843,0.06809516859131011,0.0783808953204552,0,139.6201651780179,0.01,400.4,230.2,166.2,1711.2882327439838,5850.941554626717,3.3493817857727084e-13
506,23;25;17;7;1,2.688139249692191,2.8617033801754066,2.0736296009859636,0.4918899707156985,2.9714983717260446,2,7.52498303165823,0.14374624898616933,0.14011889700842708,3,128.6994886610062,0.03,6.6,0.0,2.8,22.40774542298806,302.6985928141929,9.927904101360421e-14
391,23;24;26;9;6,14.045912673029685,1.2204268625396486,0.6383069253483015,0.9182354865234278,2.467277487087882,5,5.127513760558832,0.2358632226206959,0.19439542297162551,2,122.46439118989291,0.05,96.0,0.0,92.2,763.8957468329936,977.7843400030542,2.7988322649646516e-13
480,15;29;25;7;18,6.060920204223731,6.370042498632744,0.5466970275787981,1.7030399554506286,58.95349981317124,4,6.524653744612232,0.09676986611346837,0.12211420147106306,11,58.630906814689176,0.09,30.8,26.8,0.0,104.64308729549612,98.25481496768012,0.0
505,22;29;21;4;20,6.564404713157242,0.8221618866358937,0.09479408083956659,0.4996138122548762,75.07677777122872,5,8.337667520933417,0.13151969027462826,0.011035580328109751,8,105.10188395845978,0.05,4.0,0.0,0.0,4.256882149784321,0.12017217994709206,0.0
498,7;16;13;24;28,9.222897232287869,7.0218379544770295,1.4758112672672186,0.5659058670953822,72.54555528189289,4,7.219873651839666,0.26749898670217015,0.11784540864141431,10,41.83296969270257,0.05,4.0,0.0,0.0,62.060885591750676,424.64839273033124,0.0
438,29;8;25;23;27,5.234474985562914,4.048154844723567,0.04721615143667903,1.2054225760559114,91.74710624275663,5,8.203371813126035,0.02266554550960519,0.1122159513027431,0,102.01166911273344,0.11,75.6,54.6,17.2,213.28508042996782,1.4937967832342962,0.0
501,27;30;5;16;23,3.825582692057923,4.457573557928926,1.6685360968015872,0.6235467755341926,10.218689309513707,4,7.102646450631212,0.05586559641091197,0.26283712660808106,10,83.74498872329568,0.03,3.8,0.0,0.0,26.652061877274907,233.10516618192895,0.0
472,28;6;30;5;13,1.1804902842722467,2.296780717180924,2.312092963233581,1.9841465630861959,69.42569376114929,5,1.3465718676902523,0.2913535186615075,0.2814439094111134,5,113.11660547549565,0.05,49.6,20.8,24.8,26.455951502268686,444.30770265782786,9.726638619461146e-12
516,30;18;5;29;4,2.762750729315813,1.3841855506646872,0.47030569061649624,1.2385564507777755,65.66789995991927,6,1.8300644177926626,0.2646798390847391,0.14652196458475572,8,27.228660212484314,0.07,4.0,0.0,0.0,2.628076286223656,1.826199870025053,0.0
384,10;16;7;22;5,17.941947187583995,4.342929220911276,0.6885867851697396,1.8939514258329322,45.09509171708756,0,6.158254762132631,0.2525282657664644,0.28565217141859806,9,103.72872834957498,0.09,117.8,113.8,0.0,1231.9909405396272,1835.163464884771,0.0
465,3;21;8;2;25,15.076950665987523,3.5653897456741124,2.038693324941895,0.7197151646273542,76.55450959989095,2,0.018460707065695647,0.29650094916732556,0.17721777880138115,4,72.47252428871523,0.09,89.75,0.0,85.75,582.847625928306,7610.421426245105,1.8774078209011986e-13
29,12;11;26;30;28,16.989826411198546,5.598207524461377,2.015396779298899,1.2843190585844588,22.06633003699737,4,8.367119537826483,0.09974493067559842,0.26928409439923684,2,62.272122139994366,0.09,511.0,224.0,283.2,3028.9419455924567,38651.10749745126,5.0503527299549094e-11
494,23;5;28;13;29,13.919844023194376,5.554288321675141,0.18500123581351463,0.011322744594373116,76.21079878262094,6,9.040070190110121,0.07307095567635889,0.24668809198519384,5,68.34721771551158,0.09,47.6,0.0,43.8,303.74340799619574,32.65923390173435,0.0
497,21;15;9;28;19,2.763947559406695,6.174012099944005,2.7076379734921487,0.3983000480025237,99.89393793456216,2,8.922624904609036,0.07377169716603355,0.04360825282119283,10,34.53015796564364,0.11,4.0,0.0,0.0,19.130895483492843,440.6221895855309,0.0
492,9;29;26;24;17,11.638932272652855,6.529357481814175,2.4084395700560703,0.6645975670280116,36.40500417284366,1,8.440346043183279,0.13052215494634017,0.15425719870755178,5,74.64185769492636,0.09,52.6,0.0,48.6,263.1524866394473,4795.444386587137,6.21373685483987e-13
513,9;27;14;24;3,7.42298185640735,3.3006559159167614,0.4613160670528129,1.0434049121855606,1.0829235944957327,6,3.959420149369822,0.03850558981506554,0.1530498521866423,14,139.11174650580801,0.11,7.8,3.8,0.0,58.88296118107144,39.367394882133674,0.0
525,9;7;15;18;13,8.551410019730627,0.9360089923148074,1.4086041333495982,0.48054091401651106,22.449709425092436,5,6.980964325013938,0.05264090426670931,0.29284829703497417,2,56.076001292535736,0.07,5.0,0.0,1.0,6.4391967875011344,40.13834738052228,2.1029916286977947e-14
147,8;22;29;15;13,8.45749117252885,5.46972179817738,0.09613300689652209,1.331420050754181,35.59710881904786,3,1.3123676267019526,0.21071261197993843,0.2512998419290221,2,119.35283588668587,0.11,563.4,303.0,256.4,1773.3113589280013,51.484905727169746,0.0
388,27;28;14;29;26,8.77343175717468,8.342531451016807,2.0675971398193376,0.7689771896417232,79.08695202779772,3,8.71265128494518,0.18484651995231632,0.01223412163062918,0,17.03270848502808,0.11,131.8,0.0,127.8,558.4092674732261,7499.534985343166,2.2735844417097438e-11
389,29;10;18;23;26,13.697020728361005,5.2718262831799,0.4208457397290954,1.150523524636446,23.83115709074123,5,0.34317475514769363,0.03136378172087183,0.021874903153059122,2,118.80340117576405,0.11,320.6,139.8,177.0,1736.3124522111473,966.1034273056054,0.0
190,26;13;30;12;23,8.80020352886986,4.886344844368925,1.3231217116738758,1.8484220946322851,75.92021936909599,1,6.1835758145298065,0.10307202198011407,0.22092847496448964,4,107.27795608274067,0.01,491.2,348.2,139.2,1809.8436482371012,9953.836955144387,1.0594184138003513e-11
463,8;4;11;16;25,3.0913085642577487,2.345042478455941,1.8100864647798551,0.19445492569780484,3.0143709881910286,1,2.9862614989300518,0.18239021275607492,0.05400693542349781,4,43.49516985831232,0.03,99.6,0.0,95.8,144.04934179891978,1482.722208874203,3.843871299078371e-12
524,30;7;1;5;19,1.4836657925680365,9.753281788307342,1.1440721123375446,0.04588161181838427,6.561080837543932,4,2.847824533234525,0.11456846183043772,0.27754219624260806,6,19.430812411970823,0.11,18.6,0.0,14.6,15.363445753951448,63.175007614954644,0.0
478,23;5;18;6;2,2.6396075656421556,2.598888340892721,1.1727153236190708,0.7585336988135751,80.24871701792279,1,0.39217445500546794,0.21083883383850271,0.19849650333909363,4,84.61883584383719,0.03,117.5,0.0,113.75,138.9824442844352,600.4751206487479,5.077498591812925e-12
512,15;4;17;25;7,15.872946798469917,2.0832691322727506,1.5415505964942449,0.22957481861246642,5.737051156965767,5,1.18242551918376,0.09147068945903937,0.05205997827187616,5,131.02998571778815,0.01,40.6,0.0,36.6,317.3386238065915,2369.1271730798226,4.6234645405780355e-14
520,13;21;2;17;29,16.332789627208236,3.411680935748811,2.4293814261979745,1.5467485249846258,95.41496707411332,4,4.175777285898262,0.2454051747097442,0.13002537057708077,5,58.776376845738675,0.05,53.0,4.5,44.5,365.9442287797031,6785.098998225747,1.4551551374497524e-13
358,28;29;12;17;18,17.78112073880432,3.608146216556578,1.7281575278243424,1.1067664649881217,41.88970048937468,0,3.2077667129864462,0.18529520040534095,0.26283646570056146,12,98.17565582750846,0.07,104.2,100.2,0.0,1079.3866967700155,10127.297984246157,0.0
535,15;4;29;11;24,4.3432938070118565,2.8579509084664414,0.18299077362495647,1.2646343484856726,21.25808453651814,5,5.815907422544675,0.08286726773699085,0.18084857800685714,4,3.242230190429818,0.01,3.8,0.0,0.0,0.0,0.0,0.0
532,2;3;27;19;8,2.3111789946633166,7.8172116285266116,1.1444978700040003,0.32927199275179314,74.85389307039179,6,5.70400434821375,0.18936737224498817,0.056272990265088904,10,53.01405304409484,0.09,4.0,0.0,0.0,15.974524265911054,65.73668259329,0.0
184,18;6;16;15;10,10.634926757856187,2.2720823534883436,1.9621478734355637,1.0863117263206499,15.860187210123467,5,7.50879185628396,0.10475872799093114,0.0651329884812399,2,41.28736062211797,0.09,564.8,252.6,308.2,2292.783823665503,27731.69721298045,1.0303325878962997e-12
521,1;5;27;26;10,17.8445160365075,4.9611851764092405,1.8595765404614222,0.9840265765596637,89.3241397827549,5,1.9938624620055523,0.013499675764382857,0.02841060762278572,5,74.32173579283777,0.03,58.0,9.8,44.2,427.6789172466668,4646.177870818895,0.0
432,12;8;17;19;2,12.731212550592014,3.345309361496296,2.373100124378645,0.1135313868436589,55.065614305090406,2,2.363825378407067,0.09349290118900457,0.06717463542388787,3,54.52734070689438,0.05,216.5,0.0,212.5,1139.9754418290772,20168.680789154743,2.7316647931493447e-12
527,10;2;16;1;27,4.290058680629661,5.486705010174994,2.420842955685953,1.1520927703321455,92.32780882691958,2,9.089919516472424,0.1294643332578062,0.2674690320889195,12,42.95505644893461,0.11,4.0,0.0,0.0,29.747742122466857,547.6929044567221,0.0
493,21;28;23;15;10,11.015010269345531,8.974214013318646,1.7085839821374535,0.9041912364593051,85.00440105419646,4,8.743546147293355,0.15089692740793245,0.13255237214877663,4,61.68933706157021,0.11,93.0,0.0,89.2,453.95499021280887,4163.277202461666,2.8839684291188834e-12
534,26;9;15;7;4,6.296101821712255,4.150096763091284,1.4517901234502928,0.09321813048305981,76.82812394510955,4,2.319213753825892,0.16996928701342953,0.28456486991909613,8,45.894189249945796,0.09,4.0,0.0,0.0,43.52715199451329,288.2158097001631,0.0
537,21;28;17;7;2,1.4704268188974776,2.501519610389665,0.031793093313185895,0.9235932028194727,37.50157983790312,4,6.7183865466955375,0.14191324007602477,0.27669994671196035,14,16.738949301945528,0.05,4.0,0.0,0.0,5.328191784210103,0.01691980255133742,0.0
401,14;3;7;8;10,9.912751074707824,8.33024502858571,2.270938578279394,1.116220619500583,14.710371949587643,6,6.39766158187356,0.26847807817338754,0.20421355282077328,3,82.05182363101451,0.09,216.0,71.6,140.4,757.6739793014005,12275.608279806973,1.542904002605835e-10
511,23;14;10;6;22,1.7854636285562229,5.983753643048644,0.5719504608608783,1.9887098407212294,56.31898910134239,3,3.9254977569969993,0.1872253905434505,0.17403253285644,4,121.9795115669287,0.01,57.6,52.2,1.6,57.13609673099779,58.71881321681201,0.0
510,13;27;17;20;5,3.92652444423593,3.7094842764475144,2.563090653173594,1.0506968128100291,66.38275897683886,3,0.8150555240685714,0.07831161956771433,0.12077419931890805,13,104.4470413279373,0.01,61.4,57.4,0.0,124.0740663645923,2560.700712740455,3.928147130239052e-12
502,11;6;12;4;29,7.910951479133287,4.862187568260002,0.20269676410380755,0.24046385269096385,45.14428174516903,4,6.602167464415552,0.06040165053640279,0.14307958503562654,5,94.33585096357197,0.01,46.0,0.0,42.2,174.01488240289973,22.461041806761692,0.0
514,21;24;5;27;2,6.7666068153739225,7.944590428697543,2.5461142544419046,1.1642850934783464,99.41540211698286,2,3.2863534205029326,0.269946526346611,0.21980715158801706,3,121.4679863904113,0.05,554.0,317.5,232.5,1303.4507001145853,26546.071449457937,1.8238698833865561e-09
507,21;5;24;28;18,9.0193220990388,3.2658514050668233,1.8424981434402425,1.0512234677513212,0.2223006062378574,1,2.911648432776526,0.15491681868605064,0.29695381276506677,7,15.052811217585864,0.09,46.4,42.4,0.0,248.0557865864274,2645.534035070496,1.1530948436717525e-12
530,15;18;1;22;7,7.940086098401481,9.15784628053632,0.3578191884518189,1.5143945884405876,60.01734236765185,4,7.946551084054544,0.06616588499095942,0.24225024589058336,10,52.391721884452515,0.01,30.6,26.6,0.0,132.40417802117736,53.25725951352713,0.0
538,25;10;19;17;8,9.257989849552809,5.28116013004973,0.5861713667504175,0.7619894933483448,32.70193143117154,2,6.044398191449734,0.16275224966269822,0.1991228436915172,13,88.87538969048472,0.01,4.0,0.0,0.0,64.29804584134452,69.4059730286817,0.0
552,24;29;18;5;22,16.00366062031363,0.7108249623048446,1.7537917482489418,1.659645203293534,70.21739940085821,3,3.2622416290980776,0.25991439558550683,0.25730417131511985,14,5.716949827194844,0.11,4.0,0.0,0.0,0.0,0.0,0.0
528,3;16;21;4;7,2.179393761177429,3.4005296946474397,2.5292175144121507,1.8479113490565902,24.8397667951332,2,5.796506083723701,0.19817665525856273,0.02608400074147413,11,23.518613407834074,0.01,49.2,45.2,0.0,68.90637599006155,1384.782744966778,2.7418799918753114e-11
541,26;22;4;30;11,0.7810389965686763,7.538415062659535,1.4854755489465543,0.4095369347625802,79.91517753199841,4,4.776535594210686,0.22859072360385435,0.132850420550661,1,114.28767574568732,0.05,3.8,0.0,0.0,5.209396252140962,36.113391937161566,0.0
550,26;4;21;19;30,7.443694706084989,1.1369732483659334,1.3315451398914189,1.946756001932847,75.56958853901112,6,6.75429904020877,0.1341521380721177,0.08992815409634843,2,28.718796314525076,0.07,4.4,0.0,0.4,2.9703497254581936,16.54509426537978,0.0
286,8;27;3;9;29,8.437377040471231,5.2519753895621735,0.06773754277110697,0.532126793201401,5.575764480844736,2,6.4261237057805705,0.19848726019402282,0.21223510858260863,0,71.34051099239798,0.01,305.8,0.0,301.8,1211.8171061344324,17.46810637358876,0.0
557,20;17;21;8;30,16.071839807520846,0.529883402976955,0.2723367251733524,1.7783946826884867,22.585738972620707,3,8.546463626373143,0.23418203614453661,0.16982273421708768,11,89.80822699785944,0.03,4.0,0.0,0.0,0.0,0.0,0.0
542,13;12;5;19;23,12.705074438946797,8.24747314837907,1.1361724899935075,0.578562831002762,82.34955625342269,6,7.613895150382378,0.05367939370414929,0.2640384607961634,7,77.52863751084088,0.01,3.8,0.0,0.0,86.59258525317088,351.1713827451066,0.0
349,1;13;14;18;6,6.058386757437212,4.526388945702796,1.6623441025206398,1.821071632952815,40.83568323913633,6,5.962892802922843,0.15241484697639268,0.13771009757101352,1,53.722192506499134,0.09,265.8,109.0,152.8,737.5455960953859,6402.957230084944,2.442463502660191e-11
543,13;12;27;14;17,13.83238770471425,5.920009644942354,1.4212039538761583,0.6375094169124895,92.38029921372117,3,3.549138639797319,0.2794669543607941,0.20922432962884543,8,51.5690196362926,0.05,4.0,0.0,0.0,90.74557684149748,575.8218658726697,0.0
558,26;30;11;2;3,11.342766013687246,0.8330411414883088,1.5309929692951878,0.5749008583691818,80.03199460647446,3,7.062668967790635,0.24229277666392787,0.1708460728013235,3,102.51785312095596,0.09,5.0,0.0,1.25,17.75728144143997,130.75934708018332,1.1317437137997776e-13
562,25;23;15;19;3,9.287795981017828,0.031081520456639478,2.2807910649504217,0.5935357959697868,37.736582103628436,1,9.007929651098314,0.2377351943677505,0.09895145193106043,0,28.559569900857436,0.01,3.8,0.0,0.0,0.0,0.0,0.0
548,4;30;12;16;24,10.420415325578213,6.48050502296014,0.49553514635019225,1.5766153758745045,65.21254523756876,6,8.332584919431586,0.20811686301873392,0.06419144446799158,11,14.977470591072342,0.11,4.0,0.0,0.0,60.294127234720236,46.51294212261661,0.0
554,25;21;20;1;7,4.81398502416761,4.906503148848205,2.297350669062662,0.40057981564377426,17.920494303386658,3,5.153028894247506,0.0429953065217214,0.28517549150378857,3,75.43697353678756,0.09,70.8,0.0,66.8,186.8110868043613,3097.469953045783,1.5557736537784536e-11
266,14;1;18;26;13,5.208935687645745,5.6116691087835395,0.7170321735064802,1.2743185411763565,73.95863807478675,2,3.8272015119704643,0.01748205955020705,0.2768548314144005,3,119.46140304593456,0.03,453.6,306.4,143.2,968.6763400945971,1564.6090971633898,3.4695847443859746e-12
540,21;14;11;12;9,16.378232157511352,5.326262216792321,1.995904769585021,1.393820201894821,73.83759609990265,1,0.8169990811543207,0.2762629145246495,0.17549378658911177,7,26.45838159781492,0.07,3.8,0.0,0.0,70.76099458244536,885.571095911903,0.0
186,30;19;21;29;5,18.0913567506004,2.2596311328023146,2.3223606258873914,1.6096069899670604,20.980674639982723,0,5.049830046925813,0.28793740025599235,0.12574321017645804,3,54.675514073442336,0.05,599.0,222.2,372.8,4013.4199980639387,68002.33141321025,2.417132133559491e-12
519,28;3;16;1;4,15.29207253574672,9.088240881730428,0.2391069679434452,0.4485496796323425,80.42713441389105,3,5.994410079553047,0.23863208273897427,0.28009044984520515,4,130.07645573837604,0.09,68.6,0.0,64.6,474.033252733911,85.14186228836697,0.0
566,28;21;19;7;26,15.301140242899445,0.6868518584485384,1.598705607837072,0.9577233563425815,28.411996485068958,4,4.11835973478371,0.015278654864488239,0.00499738282381098,9,119.14747306309174,0.05,4.0,0.0,0.0,0.7770533920502789,6.239326750254353,0.0
563,28;10;7;19;26,17.860661721354848,1.094953820981015,0.6130839224081818,1.2115240376695018,1.6281101677406484,6,0.17861990222938212,0.18688396630769152,0.2114241994818927,11,36.3566817939754,0.03,4.0,0.0,0.0,8.925259959419671,10.539271722612694,0.0
573,14;3;19;2;9,19.078761959905638,0.06597497795436946,0.9765146153367309,0.12665239249107488,46.398277015757415,2,7.7333578135242185,0.043817708044854964,0.14266512794894273,3,117.64076953852229,0.01,4.0,0.0,0.0,0.0,0.0,0.0
191,26;5;6;22;9,4.151664304866378,1.8221652205134287,0.7811589367070891,1.5689446219240086,53.069279505227684,1,0.9513628277850744,0.18985020584622467,0.03869833927986642,4,127.1888120439921,0.01,574.8,343.0,227.8,967.8428228712152,1855.3827637397142,1.8383748286341303e-12
556,22;2;15;20;26,5.651297266239338,9.646555538090059,0.5563380990166779,0.41392864833713244,62.8178521642361,3,6.6959409479910486,0.029546476755994165,0.03032362727898633,10,83.52022522797843,0.01,4.0,0.0,0.0,38.57957339890456,37.51326786444719,0.0
455,6;26;28;4;8,3.9830228398049154,7.974698047001856,0.22637294150092943,1.1381818642858021,26.0168509416849,3,5.591005207045493,0.0948998469870445,0.23668458736178247,3,61.84627057831688,0.05,205.8,145.2,56.6,349.55551899873973,56.27494307724403,0.0
555,16;13;26;23;30,1.3879378439284145,4.735391775118281,2.529662257334289,0.7518839917317437,42.18385461616124,3,4.8471576723632115,0.27675369816590495,0.2889934816786307,8,92.57441400505576,0.11,3.8,0.0,0.0,9.677014248230734,194.54332551338356,1.8482312381110632e-13
277,29;26;10;22;13,8.402134829849944,5.054159333129018,0.9205947113504946,0.5269093549045857,86.81792178568757,1,4.476458016635977,0.023519026967970324,0.0030184005445127115,2,40.56138513447124,0.01,402.8,0.0,398.8,1387.7557271338555,3694.8758654097305,1.1157014452407263e-12
551,7;20;8;26;15,10.219630202121785,6.969645092579372,2.5877789937214764,1.6814413928138925,62.58042752644758,5,8.64118131804702,0.05229185190081733,0.20319946715500004,9,99.28150650294779,0.01,14.4,10.4,0.0,104.13615305999322,2190.8153198587206,0.0
549,16;9;4;28;19,1.2140821013106802,9.423895240384502,0.845295863814418,1.4308503854799548,42.474847866620756,5,3.008968529306071,0.24970790221166295,0.013213962476406504,6,38.04469865940975,0.07,26.0,9.8,12.2,15.736599239451508,35.32468073434113,0.0
458,15;22;29;13;12,6.935256637419361,7.888854382279343,0.5334939346775495,1.2379202604491555,79.51677429318445,1,2.4850448407310273,0.0394203365248584,0.16215188763958482,11,86.07865448827626,0.11,249.4,245.4,0.0,787.7215431662921,704.3387272999238,0.0
508,9;20;17;6;21,13.463072453546031,7.448623544673847,1.8149730224732628,1.187244559858617,10.660352655872284,3,2.0292671984792614,0.004319502484795589,0.010064007445054856,5,47.28489990672616,0.11,137.6,47.4,86.2,642.8624221252509,6652.858112198532,2.227712293572293e-12
434,5;16;24;4;28,2.8985018610846667,6.521011235173426,1.331971275517835,0.1365868876873377,23.084316178275945,1,1.6614194087026106,0.23361206882725755,0.22989903831981692,2,119.60880932419003,0.07,142.0,0.0,138.0,202.63945939580552,1129.441156552129,4.8160430467333905e-11
536,2;20;23;18;6,5.556769892470132,1.2690115005312674,1.4138738955939463,0.482535218447796,57.40305769090912,4,6.803544805232904,0.024115816038067093,0.1967295536316463,2,80.14026070678943,0.07,43.25,0.0,39.5,159.70002983466685,1002.9429323513701,1.3574517131954177e-13
560,29;5;30;2;15,17.944271855393204,6.4649883115003774,2.0100402236822936,0.9950548156210283,60.41449034487175,4,5.057408969907777,0.26854508032643387,0.04709322473957651,13,90.0949776730386,0.05,14.25,10.25,0.0,200.39721346380193,2543.613069062863,0.0
539,27;10;9;6;28,11.534984523188259,6.45047795122872,2.627468811813743,1.851837421428759,80.40298177603977,1,5.953391412011344,0.07212264855562886,0.17443751660996668,6,43.28017497000553,0.09,47.2,6.4,36.8,238.49769661314303,5172.60363871571,1.874794708796041e-13
561,15;1;4;5;11,0.10600531786868368,4.392238625259608,2.5531764984122285,0.5500370462168251,63.88760203093835,3,8.987407273868381,0.21659781855001628,0.19155143547299655,4,89.03728373922924,0.03,3.8,0.0,0.0,0.03709006119616667,0.7595722656474673,3.995890269404341e-14
564,3;1;19;24;4,16.39486897948988,1.6219307339780775,1.347614270273512,1.298755683843601,42.99828789551634,6,2.929547888808608,0.06651723060499277,0.16434997893722125,14,103.66380386505317,0.07,7.0,3.0,0.0,127.04636086072969,724.8419242961193,0.0
585,3;20;8;12;22,15.375489288028005,8.405386402432898,0.4899186388940857,0.5872469396045817,25.73075106152174,2,1.9613655060231783,0.2408189623003461,0.012042575889566486,7,74.99825865180378,0.03,4.0,0.0,0.0,104.55586143138237,78.8399213036078,0.0
593,4;29;8;25;21,6.459338101791849,4.935961677348257,1.1887827838644285,0.3760116717512084,49.5316977500856,1,7.397897654418128,0.04057018545626827,0.1113449119214548,12,49.55491433686603,0.07,4.0,0.0,0.0,43.94512202987921,195.10372507490587,0.0
571,25;29;27;17;3,8.053614963443563,5.646842262930688,2.2025423683265317,0.22459992371627077,57.74148596994439,0,5.414755710140644,0.07242109067248897,0.2483725030333,12,8.832638839060682,0.11,4.0,0.0,0.0,51.32461457107712,782.2113475028025,0.0
553,5;13;22;9;3,10.910898492467185,7.343310113051799,1.7028636693563466,1.7299727226189658,83.8852961235207,4,1.266239559477643,0.03304908975070429,0.19140292427561298,2,2.1338974915252362,0.03,18.4,0.0,14.4,55.757827998703796,507.94358556077066,1.1171017938704709e-13
575,19;30;29;11;12,6.207085582131966,5.0709470884627965,1.1064010353155787,0.7544353123378396,82.96956636957393,1,6.883854984944544,0.22615506759832887,0.2035666875539106,10,20.57068642472949,0.11,3.8,0.0,0.0,43.154616756237075,165.95956346304484,0.0
429,18;19;1;16;10,1.4089789840953602,3.4180351989467894,2.506121022485933,1.677970172099525,61.88836613542185,4,2.296480967451566,0.28541634352037537,0.18474980929685256,1,81.37110727003322,0.05,116.0,82.2,29.8,80.60053272712338,1590.3468906763578,8.065596302823704e-11
547,5;14;11;18;3,14.214049733185165,4.611488582815786,0.3543055059226621,1.2590163746845215,77.97175198449584,5,0.3526600457419812,0.18652383709372017,0.28235664687066125,5,134.05094915332393,0.07,59.6,21.8,34.0,367.7248629489862,145.02025690560214,0.0
431,28;20;8;27;17,10.311175338757694,3.5880811388164204,1.9842484739533506,0.656112347758531,40.481904753365626,5,8.997796498291224,0.02979961245235204,0.07781453726884,1,93.50471121663672,0.11,170.6,0.0,166.6,906.0203626690649,11206.756639918513,3.639471380674004e-12
584,2;24;4;9;20,3.6855807317582068,7.671502774893155,0.19868351885549207,0.10678267045741165,23.68136937834454,0,4.376827671336285,0.24984974569402563,0.1279702947075804,11,45.02213041879703,0.09,4.0,0.0,0.0,25.479044710628326,3.159778937485029,0.0
587,9;29;8;1;26,15.882865331145217,3.7355278511223666,1.3593274188985678,0.88659764788764,47.46482397268545,2,4.061949997927348,0.25805621542918294,0.06972035539012321,9,9.35672065458083,0.11,4.0,0.0,0.0,34.10914611955558,198.0016796641843,0.0
577,17;22;28;7;4,17.283612214722737,4.00486281103872,1.996800832413574,1.9452971417274358,31.92664917467254,5,6.492155314877455,0.03791528260566272,0.12256146684490082,8,115.16316195892219,0.05,11.4,7.4,0.0,162.41761924711224,2034.4757189663735,0.0
579,25;13;12;21;10,9.319296610988662,4.388597945717176,2.0340603062032376,0.8787390868940849,50.15139011688402,2,0.7268685987194908,0.11563834514961435,9.680924675453673e-05,12,116.30239748383367,0.03,4.0,0.0,0.0,64.7482928606868,841.6002285118932,0.0
590,19;18;7;2;21,4.115127745433256,9.589766689773336,0.4756506535358555,0.07985745726813394,17.006539694104493,4,7.555777585568759,0.03498818747653066,0.20367283132941782,7,118.07419631233029,0.03,4.0,0.0,0.0,28.189179357248342,20.03588365598885,0.0
522,27;22;12;14;29,13.074405676594138,5.52393471833094,1.3714777285047561,0.8088704752795316,21.11047976379643,1,8.53061909739893,0.1364250592608327,0.1584864356095872,3,131.69487869342146,0.05,86.8,0.0,82.8,569.7057799493222,3366.495336914913,0.0
515,4;15;24;9;11,15.902647352534002,3.275353051737847,1.9316008925058976,0.20466262925961573,74.6051473108802,2,2.8126389602165665,0.1858338477291914,0.23167486624347053,3,117.09697829381292,0.07,114.0,0.0,110.2,891.262247021444,10446.965923919006,1.4100142490275313e-13
589,3;6;24;20;25,10.711652802348867,1.8519129783904587,1.4975336427535395,1.376712704264111,74.67020748500211,5,8.033073154782876,0.064052457274354,0.08566568155663495,7,36.46599911494499,0.03,4.0,0.0,0.0,58.87990019749918,414.82995889160367,0.0
592,25;20;30;3;12,0.47038135148207333,4.279150938998061,2.679227959083382,0.6581672068294003,33.984503809273214,2,9.052757374483999,0.04834405613150624,0.18860362442897222,2,97.50242677173588,0.03,4.0,0.0,0.0,1.9718323832974711,44.46714030058157,6.139401926507828e-13
572,20;24;5;3;10,10.423755420838157,7.148200391228146,2.643301581776842,1.2996763506937152,61.812588992927054,1,1.3147929869465391,0.2527926725694278,0.10651536904655085,13,21.74658932500414,0.03,4.0,0.0,0.0,62.69613713044165,1376.2080315181472,0.0
576,12;19;21;30;27,3.5221867579184756,2.136267081777655,0.9799618286486909,1.1457963878026678,64.86524956915791,6,7.831724287572905,0.2585369782308464,0.24650566657333176,2,129.31273532523275,0.03,18.8,9.2,5.6,46.43456735771843,140.0907934436674,4.17154544450372e-15
596,14;23;30;20;3,13.054567365576693,1.3134422597826767,1.415533350521763,1.7333153427930208,55.258118217273946,3,8.891911882552531,0.1909056568486753,0.275875684216075,5,17.16789216694895,0.11,3.8,0.0,0.0,2.2146165642791615,13.940829912379195,0.0
340,3;10;21;15;16,6.355179249066344,4.433366148564684,1.0039564893769106,1.591539767641111,43.43267619062795,4,3.211209464586829,0.08230317072828236,0.02329938922709528,1,115.88369915137693,0.09,418.4,244.2,170.2,1054.1704785751815,3338.032072129937,1.0525315792336361e-11
598,4;8;22;12;17,9.781993682794395,5.571058100221595,1.00273923863077,1.284703017790451,12.248255618514225,2,3.072482663306974,0.27031270310591615,0.0669298610018869,10,18.41225137428623,0.05,71.8,67.8,0.0,361.4558397682654,1141.7765997868114,1.497912110318156e-13
609,9;29;11;26;7,18.384791120828027,1.3096029888103955,0.6265454394925858,0.8797077016256766,43.91809268672826,3,8.926534474112932,0.22560126235322514,0.022085607495525083,8,17.966689115945947,0.01,3.8,0.0,0.0,0.9196775398930173,1.134202498011345,0.0
451,15;11;10;7;29,9.891860940299763,9.973337066095885,0.4487715611219187,0.9593225256919908,36.17836587343702,3,6.371066578084324,0.11486479121508159,0.1762101172154377,3,44.21203242717144,0.11,285.8,90.2,191.8,1024.7810481704619,648.3829905320151,0.0
546,1;3;24;17;28,14.894158337801153,2.916116846754396,0.9811848910114428,1.7240480318840223,22.129701365156585,3,6.5595905799757865,0.2455404336022894,0.18745267931605436,11,47.809582848966436,0.01,15.0,11.0,0.0,171.3263256778196,518.1740712505095,0.0
600,12;30;4;2;19,16.712401220638366,4.8088003101457,0.2858815045793034,0.8862500032756854,14.838261016016874,4,6.705856730341183,0.29751718211116635,0.1986767528254394,6,42.31199905391336,0.01,20.0,0.0,16.0,161.4308956326089,41.44848367073004,0.0
602,13;6;20;2;10,14.267427679935977,1.5371792260440398,1.230248872722409,1.8821252983348065,84.88643081654847,6,3.0202377156445834,0.27765788056974006,0.23753882614413674,9,77.66812866938804,0.09,5.5,1.5,0.0,93.50101780098547,444.5822941818367,0.0
595,17;24;15;25;3,8.909418224499747,7.820601698160066,1.1447267756187118,1.3930748847176295,97.69393847365106,1,7.822390023859705,0.015530311284206864,0.28503067380397606,11,23.58834766140419,0.09,4.0,0.0,0.0,59.34175446387699,244.2946395157238,0.0
610,2;30;28;14;15,0.58869430468788,0.9691195377726691,2.580743429257649,1.3700326132143252,27.39774740118487,5,7.4548525180749,0.2773890092631014,0.16332544513943598,1,123.57176126859422,0.11,4.0,0.0,0.0,0.44095030969899085,9.226334273378493,6.0016269428205866e-15
614,15;13;1;24;25,7.650863071560772,3.603406712769166,0.496358430136943,1.6910446074656709,86.70379901332356,4,2.763644888933681,0.22904463387732157,0.2665837463712314,13,101.25834477637521,0.11,31.4,27.4,0.0,135.38640522561013,104.78900927799616,0.0
574,5;15;8;20;22,12.103850816581948,9.463668859969058,0.031497691357731526,1.229240358208836,49.46392775526992,3,0.980855727991621,0.06535701111814342,0.19021815450243187,7,46.87528657837207,0.05,32.0,28.0,0.0,225.42046199529946,0.7025878810723919,0.0
608,26;25;23;16;5,8.84761019728521,1.4880881814989988,0.15481564920210955,0.24881305065428755,86.04709114011543,4,8.116641508900315,0.15302722038714164,0.027678060538567095,9,38.37122431685732,0.09,3.8,0.0,0.0,25.222447430699393,1.8991830027175975,0.0
603,26;17;6;23;7,15.43957019889532,8.501688130270232,0.6316261969431015,1.8144325968056059,40.19813173009273,6,0.8581992677460837,0.07623161990295253,0.23904882080662854,13,79.70200151917025,0.05,6.2,2.4,0.0,113.35944590816966,142.07833389164122,0.0
341,6;12;28;9;11,4.698956870243572,5.850653403126658,0.1197264706412267,0.8534444746557467,83.13117417968658,4,3.0423434664518596,0.2633483961892176,0.0473717725140275,1,86.68807061699805,0.01,337.8,0.0,334.0,768.7116150142417,34.61733864186043,0.0
597,17;13;20;15;23,11.100180886600798,8.625452313481738,0.14931459779815717,1.316632127953965,39.69431431442075,5,5.096736971471356,0.1923920810116586,0.08461863523667598,11,70.99672227390947,0.03,13.0,9.2,0.0,109.54522921904393,7.6726940091487394,0.0
517,25;1;8;19;2,15.426749450477871,6.861506659008155,0.1133874225156191,1.2803369741847412,70.04856681567064,0,3.526675011478944,0.2832942670496854,0.030306311175375997,7,101.05042690002134,0.01,158.75,154.75,0.0,1198.6696289495474,48.41491131447157,0.0
620,19;10;24;7;22,16.65021823886419,0.20825029040870024,1.1239533861878077,1.2207318161186176,95.30277029178885,1,1.010030534389904,0.20035555693379375,0.2767524293310661,7,20.4782712806237,0.05,4.0,0.0,0.0,0.0,0.0,0.0
545,12;2;11;19;30,1.6321754732626652,9.958180318327512,2.3128388624614202,1.831898966162418,62.21408504310416,2,1.2280198913370153,0.19969331015978004,0.038349679584542704,9,115.78635412312282,0.05,79.25,75.5,0.0,71.93362552785712,1208.8504450408623,1.573428250350109e-10
622,9;19;24;17;16,13.17218403610467,7.960377332015176,2.62101106501379,1.339924205892403,3.44168529687785,4,4.721705804424382,0.17391501681457,0.19303716400780727,11,110.4015297117104,0.07,27.0,23.0,0.0,199.6731407678984,4309.304974750515,0.0
626,7;24;5;25;21,2.3002782300025975,0.5197088252963866,1.5454044837492908,1.429202045839389,20.858941681303943,5,7.468633063830462,0.14910592029958752,0.015266838004830485,13,102.20865138342522,0.01,4.0,0.0,0.0,0.0,0.0,0.0
606,13;30;23;26;22,4.366607024209118,3.368509639127252,0.6535097144537072,1.7921496457256452,23.121021498662742,5,3.630059529293307,0.12214164050836032,0.21674543490903056,11,116.47402163290431,0.07,15.2,11.4,0.0,47.90798785001649,64.27793246301141,0.0
605,20;8;24;26;18,18.771288428491452,3.2622370170826844,2.6640282780481312,1.4274842840318434,55.05513100451028,3,4.535686808757883,0.03254150029195039,0.20056634891019542,9,60.86203389374784,0.01,12.0,8.0,0.0,182.62186294917666,4071.7424744943696,0.0
624,15;29;10;30;27,17.692757990576933,2.9958203939804706,1.386542089794919,0.7293240996892167,85.04912882259784,3,4.134172444843458,0.2908797423750559,0.048864821182985185,8,9.365756988745993,0.11,4.0,0.0,0.0,11.486747492787396,69.3766079691089,0.0
345,30;5;23;26;10,3.5247077672961544,2.1962219489981107,1.2251518644230728,1.0557206990902308,73.79734637202026,2,2.716423715185304,0.24136849669924532,0.2950098571094095,2,28.879268521134048,0.03,303.8,0.0,300.0,507.28513059350496,2392.113906376411,4.59723503312238e-12
623,3;25;17;22;4,0.253711806084952,7.182871614563037,1.571244972559911,0.2649756085531825,30.702183798927685,1,0.42016683217829937,0.07194386183531713,0.26155158672223167,1,98.17750556141287,0.05,4.0,0.0,0.0,0.2786281876037613,2.1610395985490145,0.0
416,3;25;7;29;10,13.841177487285274,6.003260047142165,1.531366206915658,0.33923816921765676,7.611574528869481,4,7.375150819169173,0.032547451252281236,0.1980272004585762,1,98.84780504276648,0.07,245.0,0.0,241.0,1484.7063094396412,10938.267629041224,5.890553846609065e-12
591,21;24;4;23;15,18.389512210642096,7.09002796604932,1.9305900584230837,0.9801141747911405,75.90058601840984,3,7.981543121810952,0.23652119230188481,0.2360784309542765,12,132.82173951794223,0.09,3.8,0.0,0.0,125.5844587095936,1470.5029553147929,0.0
582,9;12;18;5;29,0.84116044598505,6.835014082486175,1.2875662731360868,1.3132162093103297,63.228785445302236,1,7.148881668922519,0.11969687823581338,0.12584182303862518,7,137.01732149137206,0.03,20.6,16.6,0.0,16.941216147150854,88.2335271295635,6.249485124294191e-13
583,27;18;7;22;4,10.376689228701197,8.263248734958331,0.048833053761588106,0.861329684293648,28.634872839259618,4,6.993807336155904,0.05898397847565988,0.0611414762900479,5,53.77826116977585,0.01,57.4,0.0,53.4,247.05321126538934,1.8508368738423677,0.0
618,11;26;10;28;13,18.10056842100938,6.770263370107138,0.664398961390391,0.17577722771771384,99.4162562878737,5,1.4686170767713436,0.18767197541895753,0.008024910909068017,13,58.76501614543291,0.03,3.8,0.0,0.0,109.35697282505892,151.65413008868404,0.0
611,10;12;1;14;23,0.9628978164025768,5.865205798331416,2.1395391684759604,1.4763236445298573,92.52697488923702,5,9.09868052657434,0.12847416547022694,0.09075978389883717,2,78.25898910377784,0.01,10.4,6.6,0.0,8.990556361699511,129.29356895783036,1.1285986578296426e-12
281,15;22;12;18;28,6.292817375125522,2.0112590229950467,0.8331324732264762,1.294858139872349,72.20399241109166,2,5.700846039506792,0.16728141982118924,0.22719394996323444,3,39.39916497086821,0.09,185.0,2.0,179.0,528.9581464237043,1153.4514187429002,1.0692618595755004e-14
642,25;17;4;7;26,2.672226419145467,0.10769903209459586,2.321739618348572,1.1318153051500643,75.90791217287823,4,4.0262834851735505,0.01177117726468857,0.011691190897215585,6,104.43566656552876,0.11,4.0,0.0,0.0,0.0,0.0,0.0
619,3;4;15;10;6,13.973751996289721,5.183818629041506,1.1480929383732497,1.473284422486815,29.77537664107045,5,7.661121532392161,0.0533174083198941,0.07548793618135356,10,108.00677734656435,0.09,13.4,9.4,0.0,139.8592159200783,579.1553243458039,0.0
625,17;30;18;4;12,2.1848358529759317,6.617053673048904,1.8689191262882636,0.1977281213146734,16.071495201171558,4,0.7719147930186785,0.2638174037640321,0.13786329933148664,8,18.33141014004322,0.07,4.0,0.0,0.0,15.133299330476131,166.05980062086286,0.0
632,13;19;2;10;26,11.918388416313753,3.330902014006538,1.4627108054371403,1.3899124031617116,51.8786551158547,5,3.8087387422311614,0.042019901311448137,0.08996866860156305,8,27.411095215929794,0.11,4.0,0.0,0.0,61.651883089586164,414.39371331134396,0.0
627,8;7;13;5;1,2.925878990802986,5.368744985556523,0.43868284033147575,1.8976964197134303,73.47873203623703,2,3.7449795631817877,0.14877827882818656,0.10666925889324894,12,7.224194605467693,0.05,4.0,0.0,0.0,20.385458050483763,12.324566157040318,0.0
628,26;28;18;9;7,8.376849433250774,3.652958500284378,1.7044467618125183,0.03414456080560313,72.39940485543,6,3.986877607633526,0.06407780116247654,0.13074793080504207,9,60.757354945327975,0.03,4.0,0.0,0.0,58.36318158125977,532.6669027666342,0.0
193,28;13;24;29;20,17.77739951389981,9.639904175911042,1.719370301733723,0.14359054748556238,87.1726565435062,6,4.454204026933833,0.24711519207180335,0.0683283277138192,1,93.78400386960018,0.01,293.0,0.0,289.0,1799.8580340087603,16715.792277577588,7.142003773927181e-11
612,27;13;7;20;16,5.012833190610354,4.562798358572618,0.38880837283004893,1.7361016469086035,53.71294392150432,6,5.2871161580281445,0.20173077390654245,0.17144051492525234,13,134.63549701633136,0.09,8.0,4.0,0.0,39.93763696222949,18.967210103388087,0.0
280,23;2;26;19;28,12.974465920887052,1.7534989132687018,2.2684785405449026,0.5936886681978312,54.72568743467284,1,2.855999151909508,0.043649587097077204,0.291851354471015,1,68.91842667188142,0.09,350.25,0.0,346.5,2115.8212810745126,34205.678085585896,2.0223012330556154e-12
631,21;16;5;30;28,15.544119504222671,7.873437374523537,1.6515447437792639,0.5928945582150033,67.97281796081461,3,8.077131283108908,0.01778069040752416,0.11349483659820389,3,113.39601393483954,0.05,112.6,0.0,108.6,770.4890133368375,6602.3267116711595,1.4314462599948485e-13
385,21;2;16;4;9,19.061343158600433,6.006532028687372,2.592970143849664,0.10199175379658872,19.998369996559028,4,2.75538254359969,0.02905293830039053,0.15212016897084044,0,78.79675134262553,0.09,415.0,0.0,411.0,2732.24934796016,57711.88188263791,1.4997350559093938e-10
633,14;25;27;23;2,1.5055089852224632,8.395410823915942,1.7608668369316762,1.4433012685071587,79.92452170187269,4,7.487561200695416,0.27230201355032563,0.08897654373305328,5,82.87356497944585,0.11,28.5,24.75,0.0,25.77354758987431,251.0597559137854,2.040475636037692e-12
648,26;25;14;19;27,0.429479875308999,4.789969702643936,0.3033108781324859,1.44510156568101,11.833016297498178,5,5.878754557775354,0.25697483283570655,0.12891359966297652,13,98.81841259310983,0.07,4.2,0.2,0.0,1.2442344197927457,0.3596069335568087,0.0
636,18;24;10;27;1,18.84262547824453,6.151743324364114,0.041007955767016165,1.984967743892067,49.755672769709015,5,4.435273193079048,0.15508202451817987,0.17010028808437677,13,88.37881214730177,0.05,11.2,7.2,0.0,175.78266996700603,0.9286716122264543,0.0
239,1;8;23;28;5,13.879840843777863,5.39905109446316,2.7779227992830338,0.26087981357965573,37.8348228667665,5,4.341948636406007,0.08990312538306623,0.28503719235809705,0,9.851856838149404,0.07,573.2,0.0,569.4,2698.765930698308,65426.76329793087,3.0552282472006116e-10
588,30;15;23;13;19,3.713844197106219,6.617212161950336,1.9192958911373033,1.030946209596725,95.0938199295492,3,5.638763254505993,0.22179088994650298,0.04000193848720711,3,15.470836438774588,0.05,63.2,0.0,59.4,133.59103618104928,1546.0055840521786,1.3841015185518381e-11
649,5;8;22;2;19,18.781347352925025,2.710742922437933,1.1985025437399206,1.8738874542752826,51.37496985154939,6,3.6995930198421023,0.08450465277931328,0.07077549761561751,8,68.52591688112796,0.05,4.75,0.75,0.0,110.0806370558416,496.75097385267867,0.0
655,16;19;28;22;24,16.13556567291288,0.9613263153960772,1.6609100417214617,0.6316935412212757,88.62983054552815,0,4.045192733692866,0.09467137528508245,0.18385457082608483,13,83.01191095402795,0.11,4.0,0.0,0.0,17.699599770575677,153.39299967730227,0.0
647,23;6;22;15;25,16.37288666365298,4.630880906861052,2.474584448285225,0.9306767444607122,38.282760652113645,6,1.5190084924305614,0.026693924365723074,0.03010435787130736,7,64.55583974912138,0.09,3.8,0.0,0.0,110.12809301941108,2118.6174752873426,0.0
643,19;16;12;18;11,12.898015727303248,3.4499257336677958,0.8124018604108418,1.2552900368438193,89.89384929621693,2,4.957299583703655,0.22299077019225788,0.2911109218777747,13,51.03278081820537,0.07,7.6,3.8,0.0,119.22835803847207,247.2129711936218,0.0
518,29;4;2;1;9,15.230619781318033,9.491723035122222,0.7071685764589964,0.3017048027349315,82.83879787453736,1,0.9172726668985784,0.2572001095897449,0.16228508445936943,0,127.30631349780658,0.03,173.0,0.0,169.0,1089.0093995656432,1710.910964364954,0.0
567,14;17;16;18;12,7.328153126863961,4.833719897833394,1.6252923473212413,0.14291629944208875,9.576365070505144,1,5.563244774664888,0.23979921758003747,0.11311195175894026,4,60.582211332527656,0.03,105.4,0.0,101.4,334.9300419148044,2779.5017862646446,1.923840360406811e-12
646,27;15;25;8;4,4.863642148971626,9.896977208191615,2.468702611575703,0.638360662080237,2.4477348711952396,4,2.128347294822724,0.2719055729384372,0.09231242330423191,7,125.54189124895314,0.11,4.0,0.0,0.0,32.87667394848821,629.4703817748538,0.0
604,2;14;15;5;22,6.495501768072188,1.416469238307575,1.6967026378659422,0.9956272835633398,24.91062362500959,5,7.309429323287202,0.2684403345019756,0.13287308982528534,3,123.5018006181805,0.11,59.75,18.75,37.0,217.52766739325315,1967.3237984743362,1.728050146788414e-13
300,29;23;8;17;11,3.430420661993227,6.937071460586917,2.3342570653038783,1.8737852435659117,22.578006446688914,0,6.872093147944744,0.2272639613281195,0.04884934139224265,11,74.34455150590901,0.05,196.4,192.8,0.0,365.46694760633653,6255.979871043097,3.0727018025357614e-10
667,12;5;30;3;24,13.322999950285686,0.21343611003390883,1.4608550150474666,0.6507750654136953,75.50405910598778,6,3.7025019660626435,0.16482616077127668,0.149397666054757,2,117.114441245725,0.07,4.0,0.0,0.0,0.0,0.0,0.0
580,26;15;20;23;4,4.315870947847586,9.30994804594054,0.08548936696217496,1.577926128878096,19.30204696135992,2,8.863768662031102,0.08860424371694525,0.21545090869470981,7,133.99218112938536,0.01,105.4,101.6,0.0,236.97022515440872,5.440863823002361,0.0
661,4;19;29;7;23,0.4129517059404203,3.4253323732603933,0.12832377289865676,1.6382864764630927,0.737651712543097,3,9.194917390194497,0.03449528156792734,0.06806636214215407,5,13.897166090736523,0.11,3.8,0.0,0.0,0.28924940948284766,0.0149636173428981,0.0
650,8;1;7;24;16,12.940638916233985,8.645639511464276,0.4925535912893907,0.7807646786354592,45.38148532923153,3,9.16227904252963,0.0772024445288451,0.1915588925646574,6,112.32734170564312,0.07,24.4,0.0,20.4,149.79916626557718,114.17374559098911,0.0
658,2;29;17;4;15,13.5702834239341,7.5256829182877025,2.7310848493684605,0.9236154769190692,59.602611828669225,3,2.594943027900573,0.2286058114303863,0.016589446807702933,14,112.12091968411761,0.09,4.0,0.0,0.0,91.95203169406513,2154.674084612127,0.0
637,29;11;17;16;3,14.077483549676403,6.127565941287391,2.5313580657991275,0.18156108160940662,59.35977286900162,1,7.345076538284183,0.10749450591186017,0.16748005027512378,5,105.15902119879456,0.09,45.0,0.0,41.2,297.9542822401507,5998.002838377781,4.83259775161431e-13
651,21;25;20;12;28,16.21661558578728,3.8948002568459117,0.7366843713786037,1.2940417549817766,47.416540519763615,5,7.052273583524043,0.05422617456914024,0.05087261126293397,9,32.78577781114531,0.05,4.2,0.2,0.0,74.43423433992896,126.9069804979135,0.0
652,13;19;6;8;16,1.869663331367877,0.9719109005060844,1.262936460087127,1.0753078643100256,91.93342565649411,1,9.090882491897059,0.2864706346260422,0.172616751618363,5,126.09141780640883,0.11,7.6,3.6,0.0,9.57926446010105,48.00042010014148,2.4507177833649015e-13
3,8;21;3;22;18,12.883632107528378,7.010839106848388,2.1488824717354933,1.5790241413539565,87.41759462755847,2,3.4650809738821438,0.1351741683744637,0.04150767138569924,1,120.09621957356798,0.07,762.0,435.6,322.4,3009.73666102697,43662.00729139363,1.0337302808339078e-09
669,8;1;7;6;13,7.971176660049198,1.7796489033126184,0.31860805065844783,1.1027537008044435,46.69911739904893,5,7.755361257396145,0.22366758512356805,0.05820835096549147,13,21.117768606406322,0.03,4.0,0.0,0.0,7.57303726173093,2.415090765304753,0.0
678,18;4;24;7;11,0.13426540257761413,9.812697797179737,1.1044834155017074,0.9560687941291647,91.23946943730988,5,1.336119003214076,0.13092474578739147,0.043627263088717415,1,23.570390557547714,0.11,3.8,0.0,0.0,0.03355772509333824,0.1286058673602477,0.0
673,20;24;28;30;1,17.878990159538212,2.2315505913479674,0.06992878506872481,0.2700345552812758,81.52748565384888,6,3.6320246905454066,0.008215981689631247,0.12311714836533702,3,10.603145536385632,0.05,4.0,0.0,0.0,4.470213224704688,0.06867364160204928,0.0
664,10;28;30;25;15,6.8428353088093585,3.050397426685735,1.0188550147231514,0.7746971851080634,59.576825935853506,3,0.8481995086086637,0.11666979205335314,0.0939732889133528,10,106.20729430790767,0.03,4.0,0.0,0.0,47.79080653108364,155.85437836240553,0.0
629,18;12;27;13;14,3.099525621850708,4.914389447074928,0.25802651523107367,1.13599225551882,89.33316702619463,3,9.07934673255684,0.05158091686666181,0.17203663013787737,9,87.15320941719756,0.05,62.8,58.8,0.0,100.49157360788828,21.018813358464378,0.0
659,24;30;1;19;10,1.9687587445531773,4.046433080777902,1.1754158437580062,0.7736858465411895,71.10290105106706,2,3.949424362116679,0.23466099150317085,0.09719780599505896,6,111.16340770095371,0.11,12.6,0.0,8.6,17.95760288968382,77.9437536529949,1.3313356278630912e-14
666,16;13;24;15;22,8.478231207450813,2.375117212412803,1.5312670028884554,0.18571442180821543,25.327533051748908,1,0.7292561478417372,0.19687930343387178,0.12796671546880833,8,86.00013694128788,0.07,4.0,0.0,0.0,59.244880724045785,436.4178950552893,0.0
679,15;9;6;26;20,14.34290616572285,0.21500333134134464,2.047170104954117,1.6606129916719607,86.66634117522507,1,8.56278927310132,0.057031963979510665,0.009849971181336126,2,7.039179601803182,0.01,4.0,0.0,0.0,0.0,0.0,0.0
621,16;23;20;30;4,10.520250573154492,3.85680384369125,1.1250383455219983,1.540048002005105,98.46881015650804,4,5.267706566801266,0.14729053457821742,0.22364001609288844,6,81.59241488253568,0.07,49.6,17.4,28.4,229.31454159086556,911.8347066939032,0.0
680,1;26;20;18;30,5.746978293575579,9.18515653219368,0.9264647046844542,0.1527787118559604,10.360262757255057,5,6.819938932547291,0.26235884090225753,0.29365912716130815,7,35.221350415545956,0.11,4.0,0.0,0.0,39.24900852259498,105.83670745064155,0.0
675,18;11;4;10;22,0.08580550895946255,1.3987487122977804,0.5498537636575644,0.5383982540268507,77.43623414383441,4,0.8253703182138828,0.15698455819446333,0.16403165171039966,2,86.87617585284957,0.03,3.8,0.0,0.0,0.012818663757470889,0.012175506382394008,6.359514773319055e-16
671,23;26;30;14;12,2.144163527845681,6.085455709389388,0.5847872430354927,0.6996930577112941,47.11416716522866,4,0.9290435935487358,0.20849630147859372,0.13360831247724586,7,125.2232708303751,0.07,3.8,0.0,0.0,14.934522055998531,16.044898769172242,0.0
668,24;6;28;21;14,6.316875374307719,2.567031536499428,1.2170590618266306,0.8634799525727982,33.13744589217889,6,2.039856559597666,0.284174069539949,0.07746119151000642,12,38.43856961253279,0.01,4.0,0.0,0.0,43.51787830503939,202.50739856939606,0.0
630,21;4;6;30;1,3.6702382682346357,9.484139373273676,1.2635799686886762,0.7902390783056826,0.02294874923141066,3,5.909176732873873,0.14385659938542314,0.2947316129807197,3,60.2463188713403,0.11,54.6,0.0,50.6,114.10625032340377,572.3540652407657,1.5720215004004067e-13
245,25;20;14;10;26,1.7132174243343827,8.840148700141146,2.574313273513495,1.1797094643608288,68.0818881808888,2,1.0280932331286095,0.060879823732392147,0.19135426344751114,3,108.16740563294765,0.11,245.6,134.8,106.8,183.41900914390754,3818.7128942638424,1.0795654176074976e-09
640,18;28;16;12;3,9.003026077457138,4.172286296260679,1.1423989179344505,1.2300135282695286,4.639650049731536,3,7.838195264253577,0.27169480281260294,0.02630109998043707,9,67.39029490349644,0.03,54.8,50.8,0.0,264.6702983091807,1085.1521762395923,0.0
654,4;26;7;3;27,10.514960381136788,1.7933786080320702,1.9265383570877364,0.8017874393258408,97.43234707332165,6,4.541003434895106,0.16754989387092084,0.2889314645380566,13,52.16774405014327,0.05,4.0,0.0,0.0,69.36760673435012,808.8386657686315,0.0
672,11;27;20;16;9,15.494002511542329,9.81599040837351,0.45170975993676366,0.4954038549989569,41.88292279656925,5,4.225546713888438,0.021285317745342158,0.16649672421912276,7,134.6394812614115,0.09,3.8,0.0,0.0,104.50288288116982,66.98801249420285,0.0
635,11;10;2;8;9,17.916202521597523,4.151366776672068,1.196490914696914,1.4950830750001285,7.4127614695712385,2,4.479303566862846,0.268348871666506,0.2165582049812697,12,134.0883041867769,0.01,79.5,75.75,0.0,834.0382492108646,3751.0655292183446,0.0
601,18;16;13;4;24,7.072139555915826,6.190717075485312,2.127796419961497,0.9446260238107134,10.550490619047547,4,7.921061735590274,0.243680600318409,0.05821900124900078,2,95.67469021960208,0.03,81.4,0.0,77.4,323.4375833580491,4600.452000609011,1.1789372822884357e-11
531,23;27;4;2;15,3.4278241565589695,9.912320635386488,2.2180604446575085,1.3016314855174675,12.78451042391513,1,8.336533488345797,0.13036711148941124,0.29416855336301523,9,96.26380579943675,0.05,198.5,194.75,0.0,335.9338370467191,5192.187618126007,4.0742926966378413e-10
687,14;9;5;8;24,14.504725938341481,0.8536192649169272,0.9386842618783131,0.8359884758909095,42.29760694479605,4,7.588211900915239,0.21024657582151482,0.2457253625091796,14,17.301159861040002,0.09,4.0,0.0,0.0,0.0,0.0,0.0
399,4;27;20;9;10,10.090389283036188,6.4023712287510985,0.4326490112697556,0.08546646462532972,15.18141213128461,6,4.555451067704117,0.1720729122758967,0.03896887586337565,2,44.40224937288876,0.01,393.2,0.0,389.2,1564.6681375364928,920.1180335983187,0.0
691,11;22;20;5;1,15.921524843722965,9.47842577869556,2.647885591196264,1.66563834504457,91.10989204625977,2,3.679922339047855,0.13546137242192874,0.14931720226111483,11,0.8487137031038872,0.09,3.8,0.0,0.0,2.3672864454751332,52.14337250384555,0.0
694,5;19;2;12;25,3.0669817992222597,6.150166543042546,1.7630195686017607,1.326480045393581,85.77086478783738,5,4.63848673139152,0.19419304902719708,0.11990114778799756,1,1.6428691552891128,0.07,4.0,0.0,0.0,0.7657509161403755,7.477418072246576,0.0
645,11;1;10;3;7,0.9253444138109655,6.7598307201316725,0.06286100403396873,1.619785177959107,60.15582509832322,0,7.590402897839198,0.28226432051816597,0.22458714781834652,4,44.72607030289515,0.01,39.6,35.8,0.0,28.22438476092926,0.35037812433700993,0.0
682,29;24;16;11;10,14.400866440147256,5.859093063877186,0.2775627055505519,0.6457630873779887,49.22261721360452,6,3.543601575887611,0.2363671427323507,0.17394503309155404,7,21.666482124435195,0.03,3.8,0.0,0.0,65.59434245815777,15.875904575925754,0.0
450,30;13;24;9;22,13.61902758335772,7.404780018816202,0.8613032275986856,1.3687547776014775,58.32981937068781,4,1.2507697503268065,0.158164827424494,0.10479196728920066,2,122.26190435805775,0.07,420.2,212.8,203.4,1991.1748030671577,4640.570874752892,6.327976642927896e-14
599,15;29;3;25;19,7.581789816487168,7.57010184536364,1.2800615644209663,1.1955989825537476,52.790173972605736,3,8.25207333822604,0.26470634553850975,0.07572550818904412,4,47.53763733631821,0.01,165.4,105.8,55.6,498.2757142384191,2564.9642007294874,2.388801246417901e-13
289,25;17;6;12;11,13.482859898565051,9.790533140884065,0.12445920352574973,1.5879747400476574,56.8111350632439,3,4.403944280548827,0.24684386610251619,0.10120872901788065,3,80.55829351085174,0.01,426.8,194.8,228.2,1982.8436633545934,96.49223841808343,0.0
689,21;25;18;30;1,18.05924899133543,5.934832324923567,2.520970350811006,1.0014214545726599,46.367791888341806,0,1.5810472809847635,0.10542599088735691,0.2760677093063942,7,15.335493574232181,0.05,4.0,0.0,0.0,54.78617098393496,1093.8462875777336,0.0
698,10;18;22;9;8,0.40456041638760576,3.368077091248497,0.9471146531400632,1.612792878454375,89.57433232626477,6,1.28410124867155,0.027792015531255963,0.22743816605006295,2,58.323128679246636,0.05,4.2,0.0,0.2,0.6267695188007216,1.7662934232949887,4.455206699580015e-16
685,17;24;21;9;15,6.213817673935245,2.8035948078259167,0.4926485438292177,0.30129047368111844,36.352733055132916,0,2.003084683932467,0.17743966684938212,0.2512300787153721,12,102.27477580144193,0.07,4.0,0.0,0.0,43.433937505946616,33.117190152918674,0.0
445,19;29;26;6;8,8.632777546328455,6.232474182312586,0.3874733499292422,1.0190087742229974,80.46215857680761,1,7.696107317819021,0.23222412640491208,0.10758460849558252,3,48.82323354326903,0.07,360.0,148.8,207.2,1332.953927396699,628.7075652483359,0.0
701,5;1;15;6;13,0.9342999283451027,1.4172033987568455,0.4997440516229354,0.7010939875450657,19.67217511740533,3,6.024468829479358,0.03979189222676605,0.1547729453717856,1,25.341190242360923,0.05,4.0,0.0,0.0,0.6543362484914308,0.5133884801583987,8.894218586228121e-15
657,14;10;11;6;23,17.488540479949243,5.66677483902723,0.305586132860219,1.342147541790608,14.578344008905585,2,5.091480462209242,0.09886223026797837,0.26374722274534435,13,80.42753484296028,0.05,37.0,33.4,0.0,470.6930129322703,138.08767246907513,0.0
711,6;22;13;2;29,10.202175909069599,0.6719074206292897,2.048826686792954,1.0053483685498346,89.51632193142348,6,8.750239835283896,0.008292119081274607,0.19364245769064142,7,15.127778577324573,0.01,4.0,0.0,0.0,0.0,0.0,0.0
705,24;30;16;27;20,0.2651078167734537,4.260637364511126,1.3500009147769338,1.2622496171598254,41.83318597557146,5,1.099607026442371,0.04622618296954293,0.007543908363981988,4,30.36342134663794,0.05,4.0,0.0,0.0,0.11924208924747717,0.6827277807008245,3.685095176638516e-14
712,25;12;29;30;4,9.443234050071107,0.1986669457793555,2.118169506756567,0.5684264545627621,33.96368953423079,1,2.6861330300290684,0.10928406190301126,0.2785445561019096,9,120.86996771841454,0.07,4.0,0.0,0.0,0.0,0.0,0.0
343,21;24;30;11;1,14.173058321735827,6.365946850662213,2.4062779594496218,0.3837188919192299,19.970294314548077,1,6.3378487990281345,0.21059055291666415,0.015468022577136809,1,40.020198947436306,0.03,466.6,0.0,462.8,2365.5652006475584,43030.49892975825,2.258690700456032e-10
684,27;16;7;4;17,8.29962477842662,1.3812056235447223,0.7123771804214677,1.5497676898522723,49.361669726014334,4,5.064040067380695,0.023280472617205405,0.09792355213853249,8,65.62086391614606,0.03,21.4,17.4,0.0,111.97259385028777,178.51783448818327,0.0
696,17;4;25;1;10,2.3824550236348574,9.365254647943882,0.4847262349420861,0.4779742086281869,32.17781743671013,2,6.741954927792911,0.2556250342263394,0.06438089947614004,9,82.77343258732951,0.09,4.0,0.0,0.0,16.376642578242006,12.088371404530465,0.0
677,26;13;6;18;24,15.161259987585181,2.7101339288758286,2.066104355674745,0.8835162200196103,44.003240214127146,1,0.9011764174284264,0.23378135678126777,0.016552028592390543,9,70.52013368250768,0.07,4.0,0.0,0.0,94.52026673615379,1267.5914984240737,0.0
700,17;9;1;27;13,1.6932893061753345,6.7465609144544905,1.4451359965608594,1.744752273344779,72.47962926549882,4,6.590073860396261,0.028818941572435294,0.07734101777291631,7,2.5756767271937875,0.01,4.0,0.0,0.0,2.106367866446077,13.819792787222209,0.0
578,21;14;30;18;16,12.813324353847444,6.742372433333259,0.7381935349684658,1.523380747846502,9.96650751314081,0,3.178127450848329,0.2333278991847316,0.05066497119454456,6,21.369865815134006,0.03,153.4,68.0,81.4,726.251923284039,1243.3048933645507,0.0
568,23;19;9;28;17,13.099242340186192,7.431595793940746,0.5670604481624473,1.6241595500283112,59.81544389654101,1,6.673109420901029,0.022393323257230233,0.12305701608635833,9,87.46094361828582,0.11,161.6,157.8,0.0,1076.3345229141676,1087.3161947028439,0.0
509,26;4;5;27;16,10.56852382521737,9.644308587991219,2.471128295002412,1.0133304966547014,33.707599383542,2,0.5771408069159545,0.10988325716121053,0.261607858978351,5,115.15027692935293,0.01,310.6,158.0,148.6,1023.3233580729053,19631.493791921646,6.559918428470026e-10
660,1;21;7;26;24,4.535904330264826,9.163572478829142,0.8838141097979281,1.409984640876652,23.586789219885993,3,2.2443752355452102,0.014993921674644806,0.020949637144152353,14,100.82532951387374,0.05,60.6,56.6,0.0,138.44030388543683,339.7302963183653,0.0
720,6;7;29;1;14,17.427109233173308,0.08948349826273128,2.062847674363818,0.11993487361874786,93.91552153762217,3,4.382294593175404,0.016075102837536413,0.11865458644302589,6,42.26542414145001,0.05,4.0,0.0,0.0,0.0,0.0,0.0
487,7;4;23;12;3,15.694647821695607,7.115394413405446,1.2939677513784662,0.02928100797656536,96.37964850148191,5,9.13176398752225,0.2865251318879498,0.010789326776394747,0,82.7844257063707,0.07,269.0,0.0,265.2,1872.3799876162398,9848.968967649396,1.2244554967605554e-12
710,15;12;13;26;30,0.40861991194857933,5.875871574710949,0.8439464874359495,0.3603073499843284,78.55188935691181,4,9.064360294306352,0.18391144914094518,0.013537038538378409,4,131.07968401013957,0.03,4.0,0.0,0.0,1.142095257922071,2.5555361038574453,0.0
715,19;2;25;15;23,1.6679953090333548,8.208609582981634,2.106436660043837,0.5233069627306546,19.96020641566124,2,8.538004368457461,0.05307387642800993,0.11865331293590049,7,13.765340231197019,0.07,3.75,0.0,0.0,11.487861612280632,160.13485726585645,0.0
706,30;1;5;20;7,3.015671065387459,2.0611713658915076,1.5743035628492872,0.18719103445125823,53.51425515016219,3,4.015468266870847,0.13677653846596496,0.07017076916936196,6,93.66899142170091,0.11,21.2,0.0,17.2,34.03626394502457,265.0139359306535,8.265540234170153e-14
693,25;8;13;12;15,0.6811574746079323,5.414134343020712,2.42860816842473,0.22078726022696174,46.3591162773299,4,8.721403450585305,0.23727004596923643,0.22320130316943174,0,84.35519489330785,0.09,4.0,0.0,0.0,4.741587358363743,87.8594604358698,6.735634086978942e-13
479,27;23;2;10;20,17.43498611462961,3.1221698026556197,0.3768515486781284,1.1782553971188368,44.57457690690302,1,3.553575148612466,0.25505016093924926,0.20489835028340359,4,130.63296760049582,0.05,464.25,245.0,215.5,3437.6834940251942,1533.7563376545495,0.0
523,16;6;15;21;17,11.852982865776447,3.464735039778839,0.6305763742053239,0.03583388147120228,6.334817312929597,3,4.104712296999843,0.10496132983956656,0.19542084926047654,1,102.44859254600247,0.09,241.2,0.0,237.2,1308.2189051648202,1634.2017964703546,0.0
709,3;9;14;30;28,8.555639562977037,7.856054640431427,0.054401528376058605,1.8437523522943207,16.34899131449259,5,2.561976128180019,0.15333543059667037,0.2549706878673817,11,62.62338364329685,0.01,14.6,10.6,0.0,88.57050168736178,0.8234954037210909,0.0
688,12;18;4;30;25,5.23024918011489,1.6967016053498096,0.5948221388920837,0.8848127665482888,1.4074370132618252,2,8.676765967832685,0.18653259708473405,0.19402858080830035,1,84.76730627819447,0.09,48.6,0.0,44.6,160.08378139473857,177.9391270683819,0.0
707,29;18;27;10;11,12.942271034786938,1.7283888389276725,1.4456943462479288,1.1955856193199164,63.792571849638335,4,1.223455508071909,0.2686768896270386,0.23449483308886254,9,85.01288927943739,0.01,21.0,17.2,0.0,183.31306974900994,1203.639046713879,0.0
639,27;29;2;13;10,8.329727148447722,6.3929959733588815,2.42414916827531,1.2489784213018342,3.764624840965869,4,5.793882246448996,0.1842263592780223,0.17380053045948274,6,131.44851477683858,0.03,54.0,27.75,22.25,188.54207700056384,3480.7821273398954,5.975572411093582e-12
690,27;6;11;28;22,13.574837151455341,1.1912730971775853,1.227796437639067,1.6568943804463376,79.33894542075653,5,5.670761440313271,0.24278594863137176,0.13531819875560763,1,81.38983719939851,0.11,166.8,33.2,129.8,1057.9104426723438,5010.159070157711,1.6006746098610633e-12
703,10;20;14;3;1,17.984112579824895,9.00775213025007,2.0827458302038773,1.2032707361641948,8.835301186494782,5,4.372541808414641,0.08128929639931678,0.17672501929408993,5,25.658376335040302,0.07,39.6,7.8,27.8,244.8568044884627,3336.8339647326893,0.0
739,22;28;16;27;12,1.4479470958921834,0.6675383394606638,1.54932948799001,0.32364114519460935,45.48177989709556,1,2.2485864319671505,0.24443430052323964,0.0038553102894575363,5,117.40118438398656,0.01,4.0,0.0,0.0,0.0,0.0,0.0
708,2;15;8;1;5,5.48760459814648,4.8260200109246405,0.3585387025492818,1.6838057111874754,26.877295234759245,6,8.48627257156021,0.12624884185099894,0.08584898939726811,8,124.86916716653737,0.11,8.0,4.0,0.0,43.6745227777284,17.638031994294135,0.0
581,13;12;14;2;26,17.88108115989897,3.395435774727079,1.7064565263763591,1.614956934383528,76.6867383275233,0,7.958338630702223,0.005030936252295004,0.21544721688696927,5,115.54562910908832,0.03,275.5,145.5,126.0,2012.7605769314298,18413.334706558733,9.127419167096242e-13
695,10;17;5;11;13,6.992645588751233,3.5940260352769293,1.6456919529719864,0.6900323612030631,1.6848163302831898,1,1.5914504613088856,0.29720751185844196,0.16621572299410853,12,56.83482179262133,0.03,3.8,0.0,0.0,48.06095521003234,408.9209508184037,0.0
727,1;21;5;20;27,16.481373977466024,6.043917748317536,0.1443369968325765,0.37605859647310985,18.26861513193414,6,0.525162609844812,0.12418144379285811,0.06139396721061082,11,20.157737898667044,0.07,4.0,0.0,0.0,64.7818233629041,4.2399269091368605,0.0
728,26;22;18;9;23,15.689462784412068,4.543994368890782,0.2581321286185804,0.4797543009856164,58.35406906410627,3,2.9078273446066607,0.08502242552897922,0.0732834844200621,10,114.44400938526397,0.09,3.8,0.0,0.0,109.22204846463396,22.863584317071513,0.0
726,24;9;4;14;10,10.93397974478904,3.733923203923073,0.25962810334996755,1.1392053876468493,28.515638487191975,5,1.5020981546928185,0.27037296594643023,0.004162735247090898,13,38.415698062289465,0.07,9.6,5.6,0.0,86.06480231309429,18.225474738550865,0.0
615,2;21;18;12;20,7.445698511321854,8.676149676173647,2.4146557276989276,1.7995408080017548,26.617082630969623,3,5.9342315149608345,0.2695840953457717,0.017769005196988142,4,96.91682213351925,0.05,205.75,125.75,76.0,574.2467808157453,10518.622785101954,3.3221640922820125e-10
559,28;12;21;17;24,6.972383123133669,9.333766642538171,1.445044310915582,1.75162779660481,59.10297497679038,2,7.2284416228808235,0.06647165208174274,0.029699314982132994,4,71.18319901784888,0.03,247.6,184.8,58.8,677.4821071609481,4444.368198767531,3.120414753786027e-11
743,1;27;30;15;26,3.0831431971368835,1.019456003643967,2.001246954254438,1.9525181204717141,76.71015412873003,6,7.5189391964395655,0.17399360017826376,0.14943527093779838,9,47.72738156832108,0.05,4.0,0.0,0.0,1.538440718967847,19.356730645891155,0.0
692,30;17;4;8;23,18.955534139542983,9.60641801587447,0.21989370456134652,1.1327854111189628,36.06680267962855,1,5.927805898355712,0.04699433323839323,0.11350203474209766,10,47.579787835434146,0.09,29.8,26.0,0.0,399.23860150065667,60.64681392198488,0.0
653,7;11;23;4;9,11.946394706406812,4.30155696786973,1.1287462395481886,1.3778032169335364,86.53960238085754,4,2.6979730057293816,0.19709066824647084,0.2952611981084846,5,116.13756006486186,0.09,80.6,34.8,42.2,421.2284961605046,1686.0103999721352,0.0
741,15;8;3;14;17,3.869751739535988,9.56962631744149,1.2827816565323038,0.6146356846531068,17.507031969279662,5,9.101305274528658,0.10793594800862004,0.20539597085744113,11,76.77591246317658,0.07,4.0,0.0,0.0,26.43113812894929,136.63791268563023,0.0
735,7;30;2;16;28,4.6395845586300295,4.924193022307708,2.717399680633283,1.3857654162678843,37.09251248247928,1,9.187309531032433,0.06473058867832948,0.1526293811229455,7,15.200371448286834,0.11,4.0,0.0,0.0,32.21390658386021,747.3091636572063,0.0
751,21;16;23;8;5,9.411614606451941,0.7027879423682459,0.5527479415458105,1.9165416772833124,63.33276206999191,5,0.5650240272286269,0.2116691089230721,0.2647823210240157,4,134.84323350776162,0.07,3.8,0.0,0.0,1.085937245072703,1.042338715903305,0.0
733,11;9;6;4;8,4.963917567748092,6.878767156017619,2.353560075457215,0.7604388810871271,62.67481817627271,3,4.605730994616026,0.0973061086973107,0.04277907586977104,8,87.41777636093418,0.07,3.8,0.0,0.0,34.19392437844469,595.0444326401678,0.0
731,20;27;16;9;7,12.121230274139544,6.956588574869142,0.5162043866413422,1.357731379209247,68.28985783139325,5,5.54309661041505,0.15484353491438715,0.03239637450098779,11,61.436782945426266,0.07,10.2,6.2,0.0,106.65656192057779,89.28547930770523,0.0
565,18;12;9;20;5,8.871913320646016,2.969633102783523,0.4367298109301223,1.6955672110335698,30.697923476959012,0,2.870464619787749,0.11059867081822262,0.2855349270710732,13,46.29988072298986,0.09,212.8,208.8,0.0,963.4743282394095,577.3187934723359,0.0
749,22;6;27;15;30,16.762448371261947,1.1103142488210715,1.664174258533044,0.10685620099692826,40.73579200812447,0,8.976661941710265,0.11957710149193009,0.05307846443029499,7,19.983153396320063,0.05,4.0,0.0,0.0,2.5155530498507686,21.886733673728287,0.0
586,25;20;8;1;14,3.92603514844509,9.820474247423805,0.22821910830520017,1.4791833920817474,93.86982579904767,1,5.3875668625436015,0.016125026308623135,0.11040461348112945,5,67.02352584159381,0.09,215.2,153.4,57.8,373.01063509080325,61.03445843654314,0.0
638,4;2;19;28;9,17.18296003930532,9.2727886768091,1.6719398349191152,1.4717217180331497,64.32424569358874,0,1.21379824092072,0.14625688546611468,0.12074975323044036,6,67.13289096176736,0.05,216.5,95.5,117.0,1196.7906461558769,10510.160527667025,2.1862938601243267e-13
748,27;2;1;10;4,9.030912264967155,0.901474876190409,2.3751447854907655,0.27812399406053856,82.3156485960963,3,0.2812951124780701,0.19727259612657153,0.0827384677511125,4,100.67120870003454,0.09,5.25,0.0,1.25,17.52186976290212,310.53495861589425,4.232671587506985e-13
342,22;18;9;30;6,18.609803390631644,4.052257941860193,2.4025110945351074,1.0829356878895866,72.97420567109806,4,3.652863392533031,0.2991447046734626,0.214640742961292,0,85.62914123691436,0.07,656.6,266.8,385.8,4209.124439877397,76325.98927738029,5.676380056307495e-11
750,13;7;29;27;8,10.438820628210657,1.4391699518865309,0.8473171217231801,1.3411121788333262,63.05830737046787,4,8.229512252742872,0.18395266039980623,0.22108791600488545,11,26.66936854317607,0.11,4.0,0.0,0.0,9.40161677647617,21.205298096185274,0.0
732,16;17;11;2;30,15.234475837138895,8.413958952842684,2.477566874656538,0.5520916885371967,85.05663189833449,2,8.589893473248528,0.09442387022398654,0.1619985291436758,9,80.01084865121358,0.01,3.75,0.0,0.0,100.93723341205303,1946.4893923910738,0.0
729,27;14;28;12;11,5.014809705894274,1.9400011258248118,1.2545716522817245,0.015603051627819067,44.32370311736683,3,5.171922567661826,0.20293059322897727,0.1383203648599127,5,61.091787184455924,0.09,32.2,0.0,28.4,91.10110560721495,450.46853456916654,0.0
702,22;13;2;1;12,17.15204505404274,7.36330072623616,1.3488055146107871,1.4656386215355697,46.724567996936464,2,5.307831206698717,0.08030516247744275,0.23182052481451568,6,52.12783609663007,0.09,78.75,27.0,47.75,538.7951667039201,3079.4434249065703,0.0
740,10;30;28;1;4,13.772992368870915,3.192067246062371,0.24118374957880676,0.3424259483757165,8.734834140641357,5,4.806997044893442,0.045508287585899865,0.02213200185456857,11,99.9990449006053,0.07,4.0,0.0,0.0,96.1969545103485,17.579530859776213,0.0
717,11;17;24;22;9,17.91201979975102,8.160737600118667,0.8566380980547048,1.8012326367871636,51.4388336947887,3,8.631198347931207,0.010439560307170604,0.027376510966600452,11,126.62469625136758,0.09,41.8,38.0,0.0,422.9132190903846,974.9804409679973,0.0
724,23;22;15;21;17,17.892551158091635,2.727163765627729,2.7051729189906477,1.6533959017857196,16.859712487991185,2,7.792262940270889,0.23379161591649922,0.1909620554660678,7,55.869481512794835,0.05,22.0,18.2,0.0,309.22343837663186,7109.062623017339,0.0
746,18;5;29;24;1,16.524413838669705,8.602932934410815,1.9484923128264477,0.36258935760261585,45.40488130242816,1,5.980000537840591,0.29824862852617967,0.06098404499509882,9,29.155954574373208,0.05,4.0,0.0,0.0,72.04327738717234,859.2919192002362,0.0
763,13;15;2;1;30,0.09372120688521124,9.365564096762654,2.618473112058764,0.8962213675147103,80.51424722883161,1,8.397340052571181,0.19488352885664859,0.05658551465215895,3,93.98823639483243,0.01,4.0,0.0,0.0,0.01171530892651811,0.25234799314636014,0.0
747,15;21;27;25;10,3.813011768546857,2.0476663371299475,0.05301520634856968,0.7997180351678647,41.18755357009134,5,3.5332269202258777,0.14762864833126554,0.06623988421372663,14,70.71201966603314,0.09,4.0,0.0,0.0,26.677265018972214,0.23555487034256348,0.0
662,17;9;12;7;5,3.1292415656733827,6.386535157977385,0.3647807967526354,1.4965739013040185,57.75677491291098,2,7.617597126329669,0.05491450950433036,0.28464434317454534,9,100.8128152800971,0.03,122.0,118.0,0.0,190.4927289524645,79.63284124059687,0.0
734,29;5;9;30;28,10.605150460411659,7.9177863823402275,2.0787748049363413,1.3557700516559223,27.396909606013963,4,1.6449367305683749,0.004993018929392489,0.10738456929488069,9,99.77157726093876,0.01,27.8,23.8,0.0,165.35925357436852,2244.8806931915087,1.0415651987813168e-13
753,12;7;24;14;9,0.6602479092289815,9.19964650196171,0.5229407817749981,1.0249304542837316,31.959155568253227,1,5.553593121392536,0.1151576400490884,0.2178883667156106,1,19.96902167066002,0.03,4.4,0.4,0.0,1.9642559051506598,1.6875356789939069,0.0
761,23;22;6;12;2,7.287311864468499,3.182338468484107,1.1407414252916719,0.5044197884465774,2.27846517119239,3,3.609583563250473,0.03026565079429968,0.18669920756056102,7,137.34272044785965,0.07,3.75,0.0,0.0,50.89194569801944,208.05269880732158,0.0
754,2;7;12;20;27,5.641684190232144,2.5116374411475215,1.3570803430273795,0.020098096539699007,37.90114731874785,0,5.078668749595671,0.17422919586974533,0.07425374705609165,11,126.77366378985734,0.03,4.0,0.0,0.0,39.430540498596024,228.1359475308479,0.0
775,21;13;3;15;9,6.602597983915172,0.5559609530798804,2.4192877177942904,1.8273661748860501,87.55433709085952,0,6.308193062531875,0.151440831546959,0.2197440706285102,4,41.852538041891094,0.11,4.0,0.0,0.0,0.0,0.0,0.0
681,6;30;18;25;21,1.2657196770372536,3.6415666233873702,2.3492317246331162,0.7254096519004404,6.294913235831068,3,2.7816040920097898,0.2973254106356945,0.233855088807747,1,94.19373197709575,0.03,15.4,0.0,11.4,16.654134992042565,288.75111328048666,4.183498029703768e-12
756,21;24;12;13;26,6.288117443477111,5.446717382577083,0.06796820193720259,1.9423154149906936,62.98875640387528,6,6.776820727149418,0.021935163266807355,0.18128298234583867,11,10.360884212618345,0.05,4.0,0.0,0.0,42.466031335785885,0.6163155291296201,0.0
764,28;13;25;2;17,0.8590969897098798,2.207131041721686,0.33382693399218244,0.18517333428639488,8.355593936753735,4,2.3289925429785567,0.012848563289403592,0.24015880711421111,5,51.93639089392272,0.09,8.5,0.0,4.5,5.796450280798182,2.029339623468991,0.0
760,16;11;3;17;4,1.2963021617138777,2.8096448321698952,2.024932396513472,0.5010155946872851,91.95926497313164,4,7.007612981734477,0.06551176350061774,0.03308320091025817,9,123.13811195086822,0.11,3.8,0.0,0.0,9.064643059284725,116.76740734019388,1.5029419141547518e-13
769,5;2;25;29;22,0.9349732840787184,6.073586745414329,1.8369590776416267,0.6179104614064341,3.6671014971595195,5,8.261291107027947,0.013136483156298362,0.1393761281063542,4,80.05486421493586,0.09,4.0,0.0,0.0,6.498003672299205,68.88565435870056,0.0
79,28;19;9;10;23,10.36909094437417,3.911166265722028,1.2909181834170809,0.0493957680491622,82.98976250552444,4,1.6233026820383503,0.29966633770535733,0.13339024838367178,1,43.7956124100443,0.09,630.2,0.0,626.4,2650.8431723755416,13878.142549572474,1.3578015881113382e-11
770,18;28;5;25;10,11.079673524190454,3.732014668612016,2.4793923704722816,0.4965940664272392,20.20949455006884,3,7.91039396850865,0.1619710030774666,0.00290516157884948,7,48.757375365237166,0.01,4.0,0.0,0.0,69.3837061274204,1339.9786771870395,0.0
785,6;30;26;17;27,13.603662135102608,1.1426009418700966,1.2433693038875933,0.33296100275750534,36.098105667433856,2,8.430237300704052,0.2388319376184954,0.025095127411357963,1,0.2744059844998614,0.03,4.0,0.0,0.0,0.0,0.0,0.0
781,6;28;5;25;10,16.286345354409995,1.0196500126325447,1.578989981134018,0.5050384502671719,95.060928203468,5,4.9974961058272696,0.03386056980424622,0.2152413826066006,4,14.878906082323018,0.11,4.0,0.0,0.0,0.8098717805175767,6.343440752709946,0.0
782,30;17;1;16;7,15.765511791709395,0.993564672322157,1.5439112482778046,1.1808787902968136,7.8439488819074255,4,5.930208895437026,0.16873975888373308,0.14811319078377314,5,35.47636154784977,0.11,4.0,0.0,0.0,1.575080379103607,11.794981303133122,0.0
766,9;23;13;14;21,15.840991972285419,4.168373821316081,1.8913102012756733,1.5721670349012093,44.46189956508868,4,1.2533633096996093,0.16987583703794637,0.028087098456993774,10,71.82225595207694,0.07,10.8,7.0,0.0,155.7009724491646,1749.712634375229,0.0
446,29;21;6;17;19,15.858242899986152,2.1592084608182516,1.677671329975545,0.4415660966496624,60.91487186307244,3,4.567486805503764,0.11327506744277271,0.29870680709423736,1,55.196445180764826,0.03,448.0,0.0,444.0,2989.005869717217,26429.588800762787,1.7183237311292218e-12
752,21;29;16;9;10,17.196309462625692,2.702816143738919,0.8865380665882906,0.5753205533087805,79.05482616884879,1,7.266750806588454,0.06946188996603428,0.07444327221038614,12,73.30335599946666,0.11,4.0,0.0,0.0,114.09890568282367,281.72548057279107,0.0
158,16;11;23;9;10,11.427744331870882,5.728549693650881,1.8535414206138223,1.407832628187041,59.85492458227528,2,3.5257403486952166,0.0689231603596296,0.0073812515975062885,2,138.55454563183886,0.05,521.0,314.4,203.0,2348.299489896037,25345.913450837783,2.1995180989616683e-10
773,9;12;10;15;16,7.289811614191763,7.560663711636341,1.6387331913653866,0.9742542270400902,76.7364945054798,4,0.1377995407064056,0.005079351852760361,0.26437569128209226,12,87.07082426903752,0.11,4.0,0.0,0.0,50.04443496154805,422.20382453743906,0.0
779,27;24;23;18;10,0.33301129318786893,5.141785872196447,1.092507955430401,1.4062807009824565,50.44457845341053,1,8.79839419068529,0.28657320877335807,0.021890394968730274,4,65.99934666997032,0.09,4.0,0.2,0.0,0.5325063111350806,1.9967507130421205,0.0
787,21;14;9;25;16,10.212312160259618,4.113676191070335,0.7850006254513555,0.46742263238029597,24.73318565763478,0,0.9224352672253783,0.07751150165987071,0.2241957438536323,9,78.87296069408058,0.01,4.0,0.0,0.0,71.15431438481453,137.74984427309295,0.0
200,4;20;16;6;18,7.952132612933637,5.345377687619441,0.9894568486677491,1.2076699868797487,34.324702884937984,2,4.018339421756227,0.20798586201959407,0.057310374926432414,3,40.23484875685972,0.07,896.2,435.0,457.2,2457.3386496648645,7558.029833568243,2.220484433424484e-11
777,24;17;30;3;21,4.281565859984508,0.9205647825337404,2.7244352616433156,1.6080117069058586,33.313110819088095,6,5.765760789057233,0.24201839209302728,0.1590785764671716,2,127.90026977308563,0.07,8.0,1.8,2.2,21.1975432051643,494.297469367231,1.380064079992637e-13
768,14;16;18;9;27,15.366098725755629,9.725016879150376,2.5655313510661544,1.1517565977045536,97.441461793114,1,6.374458076831286,0.2843471379137674,0.290859863910809,6,35.33151914505025,0.07,21.8,0.0,17.8,143.68613459500608,2971.114485014106,0.0
570,18;17;23;19;29,4.220446760782631,5.703551519065204,2.6184481881966097,1.7216020439035766,63.64879882490699,0,3.3668053274533296,0.08408928002125084,0.1741310397073211,0,56.709149166530395,0.07,1393.4,977.0,412.6,2377.6183570243816,51212.97293634317,3.9030226530810915e-09
725,20;23;5;21;13,18.745108536853515,3.7203755251979533,0.35641045941537874,0.8335550762503486,75.0342948936272,0,3.9513616532903644,0.12528807783687498,0.12083637601240826,4,84.42450736026139,0.09,80.8,0.0,77.0,713.1856257310469,284.6120839590343,0.0
699,1;23;9;22;25,14.501076093353182,3.18965442380152,0.1222386258770136,0.9762509067687013,71.31405784039828,2,4.819154237167768,0.02901694070998092,0.035102789687282344,3,136.4491974803708,0.11,97.4,0.0,93.6,721.2164216937292,33.85574679221407,0.0
792,8;7;12;16;21,4.700808834857193,0.7659792721305991,1.95406638541814,1.182422325859014,26.328001368869145,4,8.898400476495015,0.28958219594246015,0.07188771977101534,1,104.45606585804384,0.03,4.0,0.0,0.0,0.4688267412800493,5.6239425527578115,0.0
783,25;4;3;14;17,18.631322831885882,7.927834625768845,1.1791842339999126,1.8751930946967528,88.15640682896128,5,8.829199228911072,0.15721015935450414,0.18223843435784498,7,40.91908279907262,0.09,4.0,0.0,0.0,83.43086281943961,364.45166236322336,0.0
800,3;7;5;15;28,17.695495743963193,2.313205361939248,0.10164068269712957,0.07546061496062421,55.54294903794641,1,2.2383460358262393,0.264296530159728,0.1343599191608236,5,97.06886230433398,0.09,43.6,0.0,39.6,362.1788323069259,11.754606192027833,0.0
796,4;17;5;30;13,5.468989914933124,6.859499205878001,0.001960493495519122,1.457184002402291,12.826419947608592,3,1.677762084068351,0.1352305504108369,0.011665342573453651,6,9.682911536468353,0.07,53.2,13.8,35.4,124.34071077816125,0.0015013917661950147,0.0
798,9;13;7;10;29,15.340452444636611,0.8799472560484056,2.0140833122118376,1.0682010102420982,59.65964117676145,4,2.157410284815538,0.20629227715688275,0.11866165595957634,9,90.012992394905,0.07,4.0,0.0,0.0,14.623638979741065,186.3632140735002,0.0
25,19;21;30;4;25,8.226032431320034,4.9770974877719265,2.5538324323123685,0.1463591278296404,1.972198741805986,0,0.7718057663697001,0.2976611030883488,0.031821687664280784,0,14.36731111225351,0.03,864.4,0.0,860.4,2472.4178271974415,50658.990946389546,7.584941237995241e-10
786,30;3;29;5;11,7.97429950720079,1.8862938918897343,0.46857305259437154,0.5606804058867564,92.44910897039797,5,0.19236377159208493,0.10537934093504088,0.0027620334045217573,11,84.06676064595338,0.05,3.8,0.0,0.0,55.79597000217873,38.48640295521261,0.0
784,19;12;9;18;2,11.711104834193867,7.769313064799528,1.6036150438289871,1.2283156652066485,6.5321445030716685,4,4.7391456216666965,0.038609386429973254,0.24180488188606647,7,36.5326591646137,0.01,17.5,13.5,0.0,132.86487001828928,1073.3967679869527,3.073817898236481e-13
806,3;13;7;26;9,16.910011218058038,7.0243666049869455,2.2737552910442713,1.1995112918671724,44.30316917939312,5,1.1300391679999258,0.17444539322061262,0.26796661963151513,8,37.25484779414691,0.05,4.6,0.6,0.0,79.74177639066707,1295.159406730539,2.0765883772997502e-13
713,4;3;13;20;26,6.256070800070203,6.43278564183605,2.2366170591136387,0.8569359241051627,37.99967608549788,0,3.5116672468744285,0.19878270298849607,0.2691016801525161,4,135.80769628058263,0.07,96.4,0.0,92.4,259.05183906446746,4071.1754456336594,6.544263872515793e-11
793,2;12;27;5;3,18.906445755451067,4.872496471770228,1.7907305198010446,1.2964730173886219,18.327794184254298,6,0.3666387122905765,0.2542591190623166,0.16328774566993817,6,14.216591860476619,0.01,12.25,0.0,8.25,97.03971965930424,977.5970374675164,0.0
454,22;8;11;14;18,14.40710247942679,7.75681030841147,2.63589829234162,1.3689194704030563,45.47239158285047,1,0.111990566451855,0.2025386793537359,0.010413336793813576,5,90.77851519809616,0.11,488.8,228.6,256.4,2083.6382416131178,45480.94603597605,6.474784575191828e-10
788,26;9;20;7;3,11.03544522494366,2.042455283459339,1.6618425884232735,0.22069614427651466,94.64274906787846,4,4.555003317819743,0.03408392451611279,0.09150127923304077,13,80.51717881064329,0.01,4.0,0.0,0.0,75.50278256667134,655.0773735581563,0.0
767,29;18;3;24;16,16.451405561131008,7.641874433844533,2.2939371774828006,1.505398611073673,53.6674843534377,3,1.093157298793522,0.06728799233614259,0.21574304005132405,7,89.42951747137498,0.09,37.6,33.6,0.0,340.6646197881545,5631.705606984303,0.0
791,19;12;14;23;27,0.6606098600130402,6.919466166923258,0.10809660486597918,1.2389265101370348,45.5463676798594,5,8.647545101518133,0.2912163920665602,0.20006167512317619,12,101.83845486753413,0.11,4.6,0.8,0.0,4.565974927800395,0.16761292404392383,0.0
772,9;4;27;26;15,2.2238715607270194,9.731832386679026,2.065758440099279,1.148439938947632,70.85049444472753,4,5.106166602040791,0.2312540994548831,0.0376438475916105,4,131.6404442154673,0.11,33.2,27.6,1.6,40.20055195007505,538.9406729569926,6.2836220113686946e-12
811,22;25;2;4;10,0.7721460651753357,8.186567739780868,2.476505094494002,0.591274911752212,15.802659243306582,3,8.108073566289862,0.1630324734587588,0.08234910764819105,6,73.50095591576496,0.05,4.0,0.0,0.0,5.311572082112134,102.34141178265115,0.0
771,27;10;28;26;15,4.332485086867975,1.8312644988343896,0.18238559491334894,0.07278062818273792,86.72509872069529,3,0.20152761558697704,0.11559980452912087,0.22067921068543409,5,63.86042137783788,0.07,52.0,0.0,48.0,100.83438668456131,10.53754887615062,0.0
802,7;6;17;4;3,18.75031323877764,6.407859112282291,2.4172888028775663,0.7717257589490071,71.81665023439024,1,2.6565543061551873,0.2815659837734173,0.22349955390466733,9,49.067112885635986,0.03,4.0,0.0,0.0,89.49234827909206,1642.830879651518,0.0
759,26;10;18;24;25,7.570046151183233,4.675554525097375,1.2947784241013736,0.5136612448627498,13.135221503409088,6,7.511559013374059,0.18543476534139539,0.2189163225652771,4,84.85422922191285,0.01,51.8,0.0,47.8,210.15118924540056,1106.8088735466372,3.0431618393083465e-14
807,23;9;22;26;16,0.34050020757825195,7.842186206410168,1.5093733907985942,1.0817882195824784,87.29476313336669,2,6.874569069959517,0.19732774861521848,0.23856865559650947,2,116.80220189067143,0.01,3.8,0.0,0.0,0.5435857598222149,3.890552880457043,0.0
742,22;26;21;30;16,15.44706744913908,6.177867090375826,1.221871863058924,1.004697930183657,49.539276832804326,4,7.309469563987046,0.23233194067080135,0.16960461854755257,6,117.36540717302887,0.01,52.6,21.6,27.0,337.12918894461575,1581.239143161662,0.0
804,15;11;16;12;27,14.04658950686775,7.138803386411499,1.900197830032245,1.087929634960759,85.64007518858206,5,7.384849915020583,0.2694970442177821,0.04480944860986628,9,19.659928312324645,0.05,3.8,0.0,0.0,64.0122230806211,726.1233763421639,0.0
665,17;18;20;23;30,2.1572828955218992,8.2901579191614,0.8369021671231187,1.38734162952861,12.24116547509605,1,8.889188084347479,0.15712596301213108,0.15937733160620202,5,120.13972874033652,0.01,149.6,145.8,0.0,185.0773516803573,407.24197411272235,2.2612279638631202e-12
730,28;5;3;2;22,6.523024770395787,9.666618342230526,0.08314752454346128,0.7805589001021624,83.896853362584,6,7.950197713512418,0.17622614775116915,0.21411061526710132,2,41.55269838283424,0.01,88.75,0.0,84.75,304.93559385863455,6.6230287667740875,0.0
815,29;14;2;5;9,8.283739212983141,3.629120401228887,0.7472024113040286,0.8095885558414389,82.20281714587612,2,3.357772348076759,0.26646235685121666,0.2575545389143446,7,32.3502347648032,0.05,4.0,0.0,0.0,55.22952542102023,96.87187673943812,0.0
814,20;2;16;29;3,6.713459309019196,9.312568595786558,1.956436047635784,0.32777549112908266,30.672462104202836,0,1.4138974994027182,0.18298465965402283,0.17633435045306592,10,17.30793885584344,0.09,4.0,0.0,0.0,44.32885131851771,533.0496502293358,0.0
825,2;27;24;5;23,15.452525029737712,2.162791550023153,0.9236770656915634,1.3546787192745329,29.88199933683502,6,8.12627107620554,0.27904867231909397,0.19088891803668895,12,15.835660220782275,0.03,3.75,0.0,0.0,22.21170807774614,59.53497159144253,0.0
333,3;24;22;29;20,7.41668454431338,2.064263843611154,1.6394721963514898,1.600846111300523,81.96085856040561,0,3.05044187892495,0.14885793784584758,0.19100355270007094,4,89.40447026447752,0.01,826.8,452.4,370.4,2345.5413228490497,19806.196028824997,3.6055227296215677e-12
822,17;30;2;21;3,1.1270812678601057,5.856583310133793,1.6835913439009014,0.705862424247664,37.29032075113488,4,1.7314582260731877,0.05908186145285088,0.18225430853351834,12,57.8144269859429,0.11,4.0,0.0,0.0,7.838777752118995,69.80259886169065,0.0
821,26;18;21;12;4,14.20529589435287,2.61497046826068,0.08661722515207199,0.6397265072541425,3.8239979791139245,1,3.0655188509948115,0.06581698145562616,0.007339213685724166,6,22.159039119044877,0.05,14.4,0.0,10.4,90.098105500439,2.123606593818762,0.0
820,25;2;5;8;12,5.341059974544872,7.843846916496499,1.6417430122959662,1.8366434216992162,48.746243188197504,4,0.9800081074977112,0.01952481282353109,0.08184428115099106,8,97.28319118782247,0.07,32.0,28.0,0.0,92.85354049877216,786.2464429666082,1.475648707490653e-13
819,7;27;15;20;4,14.132622572341978,8.737076003730976,2.753838279047088,1.170963716063266,87.99874031228681,1,7.169965196107516,0.2729636848363729,0.09852564342405896,7,65.54275213661107,0.01,118.2,114.2,0.0,760.1406188044625,18110.092879805536,2.232125443008796e-11
827,5;17;10;13;19,8.158810646019992,5.236950220138451,0.89972029265799,0.5527713014511605,86.67748157018531,6,0.2591331831869278,0.22387903650648755,0.06075243561285157,9,112.84377879556028,0.09,4.0,0.0,0.0,56.68016752468293,144.14382076947567,0.0
762,12;8;17;2;10,3.173858844016129,7.275365822903735,1.541601839900145,0.6594812736727881,59.38206543997345,0,3.1517992530699317,0.14737609169177757,0.2325668654735855,2,110.89119684507219,0.05,82.5,0.0,78.5,144.05782450856063,1075.5513869364606,2.537306865252235e-11
831,13;28;12;18;2,7.757788035379229,5.377988777295078,1.3994042909058708,0.24205373362335875,36.61352424926919,5,4.451311839080887,0.1426568999400158,0.07118711178880141,7,138.42129595377193,0.03,4.0,0.0,0.0,53.830774857187066,331.18213869158666,0.0
797,14;18;25;16;2,14.570889871412875,8.47425751883369,0.6490754111281873,1.015817365948777,2.7004177723216505,4,6.764167156387354,0.25910189505481435,0.1176703959570457,5,111.3628904965562,0.03,93.75,41.75,48.0,509.7800292705722,674.7191006531433,0.0
644,9;14;17;4;26,7.623217039096507,4.263138755323186,1.0235355838127127,0.44042318504725675,26.929656774241273,4,4.608609057933406,0.15410687573913795,0.1396698156775855,3,98.82920316189718,0.03,125.6,0.0,121.6,450.9371403284169,1484.1294076183744,1.908562522247969e-14
789,24;26;23;6;17,18.995179782973214,6.973127754339126,1.7194329492457867,1.4364640287328068,23.96135081501488,2,8.488495637562185,0.1940684546278297,0.10803275708008316,10,90.86494815065532,0.03,49.8,46.0,0.0,582.7306005501351,5412.378831754156,0.0
834,9;12;22;18;4,3.7636012295196535,0.9673514615297374,2.5605522104866063,0.2785135827656723,98.61353862188169,2,2.478168313401564,0.22400181486914578,0.03361293640862595,2,51.30202960754362,0.05,4.0,0.0,0.0,0.9378641351202944,19.317773618329422,0.0
830,28;15;8;7;13,3.767437644293399,9.332237895176522,2.0883863126831237,0.8387036153112394,52.92510251767851,1,0.5011784244266266,0.11226781838511019,0.08163198690598894,13,61.39137179468893,0.05,4.0,0.0,0.0,25.666231788108547,351.66865550512546,0.0
721,23;22;19;7;12,18.36939691647172,3.796395320489212,2.754624863793951,0.4382472479894396,4.959148158039428,1,7.491742300559669,0.14462106272613814,0.23540932254962693,4,65.62440657879125,0.03,86.6,0.0,82.8,728.5594980051609,17367.600610241443,3.3665719206502244e-13
676,3;5;24;25;9,8.892755817764483,7.973169247859516,1.317254205781504,0.9222572358351624,5.284033857960702,4,5.179562029878101,0.23681961563247375,0.1785345788434416,4,32.778804917687935,0.07,127.8,0.0,123.8,443.9020982421492,2419.7820918769207,3.303173719577496e-13
842,22;25;24;17;4,17.118717524354636,0.2451348085917826,1.284144932827093,1.9460520003083859,87.96992658843395,4,6.39301380581451,0.16701948698805885,0.11424924227982752,7,64.5435498704497,0.11,4.0,0.0,0.0,0.0,0.0,0.0
805,6;1;28;11;7,2.5826160102497377,8.127905003388955,2.3657204173476964,1.9555772107846228,34.727805783692304,1,5.711259560935887,0.11708457517301503,0.0029484839788952886,1,44.34599331591536,0.09,277.6,249.8,24.0,344.55001153830136,6057.995935679478,6.694453698490568e-10
847,6;23;9;28;26,3.9602025696508614,0.9212918763407818,0.845517601088518,0.7714022877432272,38.685553734573055,1,7.619406421690175,0.03457968025494479,0.17847252653233495,3,9.729668266975917,0.05,3.8,0.0,0.0,0.2635464426496016,0.5919054470249916,0.0
737,10;7;9;8;17,7.579819723043805,9.470232902845801,1.9980094606670202,1.786184638209794,93.86274473782288,5,1.1104275924628153,0.0925082799237876,0.17250387852588442,4,51.60063285596075,0.07,154.2,24.2,126.0,420.01986409658093,5267.624189969685,9.180987503450237e-11
697,9;17;22;3;13,9.943153935678875,4.939944572168318,0.5341001271291697,1.7234334158657785,98.12233057630716,1,1.9951164251412536,0.18101845568276745,0.0726831547553509,7,82.94210037324746,0.07,179.8,175.8,0.0,892.9134958110814,800.2111942323828,0.0
818,21;12;7;29;3,12.432453577641382,4.109548106845656,2.7130300334742175,1.0272581825052942,50.70280475359867,5,5.120400850080947,0.09170917819102112,0.12667874091584763,5,33.45683531679062,0.03,63.4,10.0,49.4,301.87679873099046,6980.536647622919,1.0956038702583333e-13
828,27;29;19;17;28,12.71069253238629,4.3479526081478435,1.4954933883193315,1.532945142762597,24.19444142164221,4,9.00605609347785,0.2770599375530994,0.22716583841609753,13,81.89780198067422,0.05,24.4,20.4,0.0,191.16211205762926,1343.1381583849404,0.0
744,21;6;25;17;16,13.188756839000847,2.0511622440605084,0.19170846203299952,0.4019078273467496,28.689319761482423,2,2.49981593008721,0.15661465545778733,0.2789859933855903,5,82.82914954567752,0.01,48.2,0.0,44.2,291.0968587454832,33.61011185885043,0.0
837,15;18;8;2;16,12.068732708091813,3.1179200911697222,0.6568421904575814,1.0375260990738986,39.71155202958374,6,4.979143701983215,0.23826448306511688,0.10983419755982092,7,89.24115358735077,0.11,7.0,3.0,0.0,93.27576485583076,126.42727376416303,0.0
836,25;8;29;28;27,15.068714692774172,9.631507277732856,0.938160628547048,0.4243345870906749,20.779108409182058,6,6.819481106663105,0.1314926915145783,0.21670030789648925,8,18.109700078833814,0.09,4.0,0.0,0.0,64.06060135249686,177.13129187613663,0.0
334,25;9;29;4;15,9.40521684890884,8.333979840338635,1.1344733416689645,1.7449918308048713,31.06019029209468,2,2.2180726237599657,0.22707066932915965,0.1535073456996117,4,82.18835087268967,0.03,537.2,247.4,285.8,1616.959461314548,6537.889781425207,2.7993217520514038e-11
683,28;24;4;17;8,16.834327673657437,6.823412920178786,0.9357088188268637,0.9015156536906941,15.751641260641014,4,1.1586203176437433,0.20010079174885625,0.07892813253766266,2,116.54406764181394,0.07,174.4,0.0,170.4,1270.7189257245834,3495.2706979407803,0.0
780,21;18;10;6;20,10.624378471320306,5.8397003686705204,1.8904410163379959,1.5742212164820313,4.5124098469240925,4,4.4701250920383995,0.28932296020708936,0.10161190738520798,12,92.37676070170743,0.07,28.2,24.2,0.0,171.91119300510064,1930.102129319558,3.464030733673872e-13
841,17;25;29;7;11,11.25317473327106,6.447977315134244,0.34545382843311906,0.9522659232810737,49.822991770080286,6,6.99361133284515,0.17421509708593552,0.2471692666505266,13,14.780932134708483,0.01,3.8,0.0,0.0,59.841973357926406,22.435502403101484,0.0
838,3;23;29;14;5,12.601319093678446,5.50111852838032,0.4923568307933662,0.47318025776387335,55.79438548846467,1,8.786806870946128,0.24547326428315822,0.13337625594183958,14,80.05149654166854,0.05,3.8,0.0,0.0,87.40769190704312,66.56707285230273,0.0
758,15;20;14;12;4,3.780331827006634,3.5057501039998415,2.761070066071918,0.9531422495654382,78.77925159097572,2,2.8064990821353777,0.29471847653060024,0.2725065371117503,4,37.43097833690448,0.05,131.0,0.0,127.0,206.30715997520505,4941.047495466873,4.537142492846701e-11
839,7;4;28;9;20,6.424091865427724,3.9125251236709016,1.747402271956224,1.5615854875639112,57.412200792420954,5,0.9648332500912518,0.29811954135237495,0.05121373067214639,10,18.115428663984375,0.03,4.0,0.0,0.0,44.11140786337945,423.1424377803804,0.0
840,12;7;28;5;23,12.604749603879867,6.345291423847446,2.359832481404226,0.9052697625183552,34.981602064126136,5,8.386685934617969,0.2013658584949744,0.14061293049638263,14,88.65711175166184,0.05,3.8,0.0,0.0,86.52197899085034,1513.6960102660973,0.0
812,29;4;15;3;25,13.672945277148573,1.3741303396633098,0.3937896228047544,1.1766973032658272,27.51581366005278,3,1.3277646556796079,0.06393552892559144,0.04248633919612741,6,98.24734028929772,0.05,75.6,40.0,31.6,457.62071295599844,222.9379897895529,0.0
843,5;20;17;3;10,3.277329406943,4.808337365635181,1.8204643262489288,0.762719436138221,53.44024606052293,3,7.18827930630921,0.09863526247622158,0.22213230900953437,12,10.181923043168466,0.07,4.0,0.0,0.0,21.82739491036014,227.25640096272855,0.0
256,2;13;30;24;26,15.038549649203798,1.2796285515758044,1.7870754625560583,1.885616181189921,90.70144273919848,0,8.683691663474765,0.18936764714826265,0.03533325099287504,1,137.98295188397327,0.05,437.25,324.75,108.5,3106.443261958406,31167.292876886455,4.144090975032303e-12
852,25;7;13;23;14,14.53916070476307,2.0850096635408732,2.489993883552946,1.0402550225460057,74.17366850265505,3,2.249671347480256,0.00492030855478851,0.18106041605712736,7,21.005015961106498,0.09,3.8,0.0,0.0,30.04823400080297,585.2822939201461,0.0
862,6;26;1;21;29,14.378538300244886,0.37527115322560145,0.9384880132175741,0.8206189110449374,57.68021836019581,2,0.45379976695895946,0.01882457946115158,0.22610067492319033,1,87.08156146565203,0.03,4.0,0.0,0.0,0.0,0.0,0.0
85,7;23;25;14;6,10.781571130621318,2.302449777940274,1.5641461390346487,1.7126642714738889,76.03948136999196,1,7.9582380489299815,0.07156929752978242,0.13495408540694276,1,47.578300521618786,0.11,514.6,96.8,414.0,2628.501778755873,20202.857563108166,1.0301994767699804e-12
634,23;25;22;27;3,12.565658964141075,7.75504021121688,0.43732810931972255,0.7372223965227341,12.621282063034212,5,8.584273236100293,0.26809704511784876,0.07427899892135016,2,55.14158907960639,0.01,279.6,0.0,275.8,1548.9372219342242,930.6759132251357,0.0
808,18;14;20;9;17,16.696765413275507,6.242942249609992,0.290302609297571,1.2530976023381337,12.394586635612981,1,4.307150290655819,0.10641597265752842,0.10815598350430307,8,34.37916404796239,0.07,37.4,33.4,0.0,383.5901763591354,101.55918987895703,0.0
774,16;14;24;28;22,19.056427986120298,2.5383001978749986,0.44204237823203424,1.0504566712970582,58.92807644099795,1,6.2852019059675674,0.1507237319465444,0.10284015389757462,10,108.36931742334929,0.09,93.6,89.6,0.0,1097.9339101978887,673.9906704376083,0.0
848,27;16;12;1;2,3.9064692858057737,9.753109663085663,0.9356469684859137,0.41582532549903867,48.7599663608725,2,1.6510825256995392,0.0031602083540912982,0.1803789460005025,3,59.14610088893322,0.03,192.25,0.0,188.25,312.31087404770983,858.9364008267235,6.017583513932718e-12
863,14;3;5;21;27,0.10843416302836915,3.831521352709907,1.4930735495455236,0.6164292097158534,75.92244972011072,4,8.701989597342507,0.2913789160415173,0.04097350374295292,9,69.52699420257291,0.11,4.0,0.0,0.0,0.032498063496544896,0.22759869061443888,1.1591721173771715e-14
851,3;28;11;25;14,6.641558480404778,8.958078356894815,2.2452541460390925,0.06340110261389795,19.665278995571136,1,7.875998316488651,0.10577808134822721,0.17524229111051426,8,72.13163930352593,0.03,3.8,0.0,0.0,45.12489694621553,714.6561079277824,0.0
855,21;11;9;2;18,18.383346056553357,3.0242153759658006,1.1257006185623424,1.6144163265351779,3.9592882114279027,5,8.431935882170205,0.03674763606619514,0.04926377687171435,6,35.580323590094736,0.03,14.25,0.25,10.25,127.87036163073516,509.05601749892395,0.0
868,6;5;26;20;19,5.716036086397478,1.387075814442733,0.34297435133603443,0.5471153276167617,43.123561721474736,0,1.0290523498343116,0.228756597981219,0.2818119150032516,2,12.357165350766625,0.09,4.0,0.0,0.0,0.5818569175107825,0.21502520053251423,0.0
873,4;5;3;13;10,10.878394648399263,1.0225548550756647,1.4482766578271535,1.7023229644527698,73.50183211228969,2,0.3751359925893351,0.05426161647243359,0.18885211187671858,13,84.3594911713777,0.09,6.0,2.0,0.0,35.908828385143465,236.62148214596536,0.0
674,23;24;9;25;8,10.838116257287721,2.322636984648775,2.138473855813839,1.2302644782651404,18.57556946722778,0,0.8646165256445444,0.24649608285152785,0.05533963020870568,13,132.51785923004277,0.03,215.2,211.4,0.0,1230.4755302287838,17677.902914202576,0.0
719,25;8;19;15;28,8.584240999472676,4.708262146744992,2.054298353208231,1.4651195464416853,94.81240550123316,0,1.2842822462050976,0.17128017249976138,0.15967120621404088,12,76.35921517870251,0.05,180.8,176.8,0.0,769.5669330281795,10202.892415358907,4.912090873323557e-13
801,24;22;1;13;23,8.945864448572927,7.064508640329229,1.7105996671107528,0.14699925852388784,63.0902675960724,2,3.0619891680680844,0.04484619297093626,0.19669825569584273,4,61.70386010830764,0.05,112.4,0.0,108.6,428.97879211409736,3943.505592704775,4.509634221315603e-12
854,9;13;16;20;22,15.401173809082072,2.941097661769473,1.4058671938174918,0.11220529646160227,34.73946706891506,5,1.140296576497389,0.18193298427946356,0.1093125597105564,6,28.642438593106213,0.01,17.4,0.0,13.4,118.88297046076073,738.1729287303748,0.0
867,20;2;10;12;8,17.040159991860815,3.52698522161625,1.6254943259540462,0.40878653019166455,38.92901821554018,4,7.839293104913663,0.11780938045628278,0.29389850005583623,11,30.345680463804673,0.01,4.0,0.0,0.0,60.58962281069688,502.94331189169253,0.0
859,26;5;21;28;30,13.459508063933018,7.965600888378179,0.932892890684858,0.9629439974288528,24.149230835117198,4,5.015182794105398,0.015680722778289358,0.2306075664405218,12,137.719387569051,0.09,4.0,0.0,0.0,91.99082144496985,251.51155167726316,0.0
544,28;5;30;18;7,15.960147216826952,8.39130936873746,1.5096793648564648,1.079216515471361,53.01036160548864,2,3.90034258125793,0.23319454916258897,0.15764412092422933,3,104.80954356329119,0.03,512.4,256.4,252.0,2508.5584075984316,17961.53826389847,7.136006912021842e-11
835,20;14;7;25;10,9.877210354695755,4.983125732566388,0.5364872094826328,1.9783383091923543,25.41752760217947,4,3.7113701575052263,0.1524362964594658,0.03033444582952738,13,79.81925665487914,0.07,28.0,24.0,0.0,161.73883779092026,146.24564269142476,0.0
833,27;12;19;15;9,10.582947296057403,5.63767810796378,1.087344721395342,1.8111294932753403,3.8289232450301913,3,5.048871749082308,0.27246636069857383,0.2703615179238792,9,129.07475303191293,0.03,59.4,55.4,0.0,324.2514220572863,1204.387565639529,0.0
845,6;1;20;29;15,10.080834494706133,9.259733554955258,1.0306699978544507,0.7817346088670899,5.768457803790039,4,6.925175536717762,0.15292355728349394,0.20866821265742327,10,40.509529424819064,0.03,4.0,0.0,0.0,68.3107361963902,227.97021399932564,0.0
268,26;28;3;2;25,11.948326124826393,4.842733131094732,1.4860763116082167,1.9448291270435043,54.923743849252446,0,1.782467219552565,0.1889523420876004,0.11457586327510749,5,67.4785489070253,0.09,568.75,241.25,323.5,2298.4988153679196,15946.90400447635,1.1854765064569068e-11
242,12;16;21;18;7,7.125340935074162,4.272107664871959,0.6656760790980331,1.214153549318808,20.4580553533671,5,0.39606324171588425,0.14881609424736578,0.24041660039245288,2,65.83317346707157,0.05,673.0,268.8,400.2,1707.6511062240534,2377.250341364991,6.915825974244165e-13
856,16;2;29;20;19,7.473154083481156,4.707088810373302,0.8465401914449381,0.36098588706717144,32.842016579222964,0,7.413122757734959,0.12427743329580188,0.26092251001334976,12,39.85575198583679,0.11,4.0,0.0,0.0,51.99080790968674,117.0500498565495,0.0
871,30;2;24;9;16,10.773460985608425,3.7478790081941895,0.04050562097856418,0.3772854105329664,89.7873904312507,4,3.816938367177442,0.16324327771496264,0.116997277825609,11,96.69778987870912,0.05,4.0,0.0,0.0,75.18416067953825,0.38753132898882314,0.0
704,26;28;22;1;8,6.861903805177634,8.745115202373492,1.4564331091962721,1.4119955464218241,61.502722141836294,2,4.334548060483717,0.017647741933153816,0.057248239896595526,5,108.33733254157585,0.01,270.8,158.2,108.6,674.4311007357003,4494.367157631728,6.125747519163761e-11
440,13;6;15;19;9,10.764812805114435,6.312815358855875,0.29642096421628134,1.2685093491146973,63.79668991762237,6,3.512342317991879,0.005208013902551256,0.2975332633115846,2,37.71212226958885,0.11,545.6,84.6,457.0,2122.703697365784,585.945307169975,0.0
718,18;21;6;27;29,7.653866377721574,8.148520603091923,0.45511252292901316,1.2401835736983124,1.7646450621331966,2,8.235249636875121,0.25427918211964895,0.08080256979058932,4,43.47095173889141,0.03,250.2,173.4,72.8,775.1205436369013,504.3786463066516,0.0
882,26;27;10;6;15,17.668866067515857,2.9385384839374176,0.6920328332538478,1.5259875308977033,60.359690506974296,6,5.162404901224481,0.27759794406056626,0.13052083604563236,9,10.835836993466453,0.05,4.0,0.0,0.0,19.42954145520932,29.2324909353037,0.0
893,30;4;20;10;25,12.774284312226852,0.7616027475308751,1.6760093722857092,0.9793630247086702,61.981173214845874,4,0.6706146978880174,0.2657766550773295,0.05550457750905282,12,86.17425946033651,0.11,4.0,0.0,0.0,2.562003618922359,22.60905952883161,0.0
874,9;10;22;15;26,14.891982668855578,4.317053104063505,2.1916782156750783,0.025858786371905328,29.39665060355303,4,8.892664466462469,0.05252821864268215,0.23182586559897012,9,37.576922593141504,0.09,4.0,0.0,0.0,77.67230241715029,1172.1134071178756,0.0
877,25;14;19;18;12,8.408294626838284,6.3216187961205605,1.41327357872076,0.3225649569060449,44.606707235529264,0,8.771317960695887,0.21820921817182629,0.1048015843285435,10,122.05368677911343,0.05,4.0,0.0,0.0,58.09776684185316,364.55393614383553,0.0
853,2;25;21;18;20,2.140331144469961,8.068305459046034,0.9460121335701904,0.8365846327239976,65.78567638241599,5,4.542343097451662,0.027747125588997824,0.17627085530514555,10,90.19431540548135,0.03,4.0,0.0,0.0,14.797070245550916,41.60246095065135,0.0
875,18;30;6;26;10,9.343183271859813,9.222036526823405,2.371811179073542,0.9326802299867186,46.34238211676907,0,6.862292174589514,0.031537099287710986,0.18384169439119627,8,126.07447529133037,0.03,4.0,0.0,0.0,63.02928388547,1113.9160689080459,0.0
883,21;3;2;27;25,18.77921671852464,7.408169731103621,1.8789067815494593,0.7624271099857294,85.68950816786884,2,7.885728255225706,0.14737709346793673,0.13696540350245728,11,65.99931844352066,0.07,4.0,0.0,0.0,117.81495605981603,1306.6544930454434,0.0
881,28;4;23;8;9,14.713149125022529,8.514096972762603,2.3718067497125928,1.5034337215870326,78.65653606897382,3,0.2980713339669151,0.15443274984435765,0.15302879714907963,14,36.59377706055039,0.01,3.8,0.0,0.0,70.58410388843403,1247.42768790139,0.0
884,12;30;14;5;27,15.230714830527075,7.453714731837496,0.783962110760589,1.0152904654023518,34.2860876924722,4,1.8036498720372434,0.12140339080923178,0.1353386445205205,9,12.121348506030857,0.11,4.0,0.0,0.0,61.83024825189117,119.38259366862553,0.0
879,22;28;23;29;19,3.034553413110429,7.037548269357203,0.5248969969551998,1.539805983642517,27.879137741467343,3,2.2272453822618514,0.24043870960374517,0.10924696365226298,8,10.829717325575107,0.03,3.8,0.0,0.0,21.05199835003988,18.221804221025533,0.0
755,14;3;10;13;4,13.805488078238152,6.283410076164632,0.34489123080093115,1.950364134851039,66.09092953020009,3,1.9539819542563996,0.2561466347202691,0.00766581871037435,4,60.1580277765226,0.03,250.4,90.4,156.0,1225.734040799325,458.0474021704446,0.0
865,28;24;5;3;19,0.7909871701986759,4.202547967747117,2.6653618315536596,0.5600855097204291,74.76799285410677,5,0.28070345984873274,0.18731947264445167,0.06152465222373503,5,78.70229361833212,0.03,17.4,0.0,13.4,9.491997709921568,211.8457940289357,1.221340289859741e-11
849,26;14;22;15;5,9.773516987549623,9.762640598367549,1.7494689450869105,1.4550420023150348,93.51256602858456,3,4.938410697279066,0.006446180977346105,0.19005239395231402,12,82.3591759683271,0.07,57.0,53.0,0.0,268.439530750524,2581.123703124237,0.0
327,11;26;2;30;18,5.9915450932533165,8.012978210707194,2.416549645869306,1.546090527366394,90.6035576617792,4,0.6488537785198131,0.24423713004142694,0.2526785435602893,1,72.30946259628936,0.07,985.75,413.25,568.75,1961.4277773417923,35984.34795832679,3.061826547444038e-09
670,30;23;8;25;14,4.652490463274811,9.915766507301099,2.0158595916331614,1.4592722725124128,4.415641675128379,0,7.506175580564981,0.03599464525826618,0.0797664439569211,0,122.17666820490206,0.09,227.8,219.2,4.8,495.9457071808827,6331.470197168196,3.0127418771196563e-10
891,16;10;17;20;28,4.488541996645485,2.3723576741280326,2.5224169303255377,0.294157262012483,45.20988652245879,1,6.430258875749863,0.11114580576866574,0.016288323958628347,14,17.857994791131574,0.11,4.0,0.0,0.0,11.653581289648258,232.93944052945545,0.0
895,5;12;3;1;21,12.183575259142046,2.3828236011556623,0.09433198253502777,1.9008119351887425,50.82711560882407,1,7.506843961178972,0.07206540307358536,0.05124430917387191,13,21.97252154939151,0.11,4.0,0.0,0.0,57.85625911026494,1.6174026337998977,0.0
876,13;17;8;4;6,7.8764646153298035,3.1455346405445415,1.4663066236350515,1.909550575976933,11.663429781908619,4,7.442956240733508,0.06675389332021986,0.2715798370124423,14,125.40167850734004,0.09,28.8,24.8,0.0,131.93323948918157,891.155910170494,0.0
778,18;7;6;4;5,18.306278764729978,1.325280996399547,1.3453202633598413,0.5675057492229024,81.03483122817536,1,8.643886974026048,0.20020878713026635,0.06946029077142525,2,81.6202695811165,0.07,129.8,0.0,125.8,1129.6966182923043,6423.371917409159,1.5850368208216814e-12
894,13;27;4;23;19,6.085654868218555,1.3241726572863066,0.8835782333037397,1.5176301995521788,63.67130524567665,1,5.782357095073191,0.060608234909312206,0.014383953354248878,13,51.59512629220843,0.07,6.6,2.8,0.0,34.258232788782934,84.02428896370277,0.0
902,23;18;28;10;21,18.006428806468083,2.214355766035241,0.6435350219178291,0.6505633907763526,14.475243595370358,6,5.264975269223835,0.22075040936538476,0.043003904227742897,11,44.75477813993,0.05,3.8,0.0,0.0,73.18590570059716,95.2185794056085,0.0
880,17;23;27;26;25,17.13363260981549,9.365719124719533,2.0594994870611774,1.7569112136151246,67.84750640908605,4,5.937217026701705,0.1500306305123882,0.2094189977299175,6,118.88559488068265,0.05,44.6,17.6,23.2,319.05770307518816,4251.50293566796,2.354860894005731e-13
908,27;26;21;24;28,16.085287746601065,1.9669062105436308,0.4027639644558816,0.9336974568174142,23.998076110215283,3,8.392981782275855,0.261059923852044,0.15497730219116848,3,12.77817763802567,0.01,4.0,0.0,0.0,4.827289451335078,2.4601094387821667,0.0
878,29;24;1;14;6,7.196820168883092,9.606125049472269,2.5976115481434925,0.7484848631467755,87.74191787743408,1,4.5804361892947565,0.2750857114493159,0.23952841920364235,2,94.79806293567327,0.11,199.0,0.0,195.0,599.2638219772341,12703.29387870384,6.247617140955998e-10
897,5;2;12;29;3,12.071792871760275,4.123572732097051,1.7843282524853648,1.9352667762505449,33.98389165916929,4,6.656740207596516,0.16816980223633715,0.12905635474869442,12,135.54618565985297,0.07,22.75,18.75,0.0,170.61065585582347,1706.4970002964758,0.0
901,30;23;25;7;24,10.34483404674758,4.916777146810107,2.6989660382412732,0.38413451855694114,77.25612176042428,5,5.410074667922655,0.04822377585652856,0.18922917200972567,9,79.08854151465668,0.01,3.8,0.0,0.0,71.62379994537812,1639.0872447268398,0.0
850,12;3;22;17;2,12.261594815867266,2.3894539073454135,1.035752314640167,1.2026162185517555,78.08881342727835,3,1.6835240411371597,0.12807913683524175,0.17974784819617076,4,36.682460828550255,0.11,111.0,0.0,107.0,555.2607132369421,1871.3656104890374,3.9437188613308255e-14
898,29;28;30;1;25,3.5037539880240676,3.3152325341904687,2.6975504228410463,0.6395115740824276,82.40971761483942,3,0.670394503809981,0.2046020132271083,0.20856219319162456,7,46.35593995412912,0.11,4.0,0.0,0.0,24.446864466965735,558.8717792973827,0.0
861,3;19;12;21;18,1.804883694742772,1.6809185152590944,2.5073996902974973,1.502752939094947,32.04542827733603,3,8.101440298380846,0.08059146297968547,0.05752010814776084,12,70.24398597937689,0.07,59.8,55.8,0.0,56.947315516033974,1124.7869393315955,5.503591546590587e-12
919,14;25;24;19;3,1.787498352891376,6.043368043851971,1.9339415451761028,0.7917236692273498,31.423318683143876,0,8.602590240236093,0.2775728124609949,0.011550482255822036,12,4.979265339193775,0.01,4.0,0.0,0.0,8.60575202870939,101.11728184696746,0.0
920,13;3;9;20;27,8.328634113369178,0.40743146909305805,1.8889175156210058,0.24832230280570605,8.259034074384552,5,7.1221279626583325,0.03787113880927094,0.009249694599173451,11,0.3617585834853676,0.05,4.0,0.0,0.0,0.0,0.0,0.0
738,27;22;3;5;23,11.736526913832614,8.730311425074234,0.32087252716019266,0.3279902592559749,85.38562066614026,1,4.062639297182478,0.19391259270154895,0.1864139880322768,0,29.455751070625993,0.07,626.4,0.0,622.6,2723.2158709343444,880.8399664176601,0.0
912,13;15;30;8;26,7.523154420930271,1.1337875758421512,1.8656658777340032,0.36882103919949916,78.81862991758292,3,3.8070777396679967,0.2858742377695468,0.26253911592709894,13,72.96932808871321,0.05,4.0,0.0,0.0,15.443351530379696,168.87259108007999,0.0
924,7;28;10;20;22,7.539723021279438,0.3492932292550155,2.6671376010312104,1.161605057783775,15.179132670480133,6,3.9418792939169043,0.01621849115234446,0.2988511564254662,10,133.4692377362266,0.11,4.0,0.0,0.0,0.0,0.0,0.0
899,28;23;20;24;11,18.972460369155844,5.637301285472991,0.36220601610097575,0.6748799655236225,65.79823770739229,1,7.487038667492405,0.006355321523161861,0.12590876723910746,5,28.019368457632247,0.07,28.6,0.0,25.0,236.07420065904722,97.29930083106976,0.0
909,9;18;6;30;24,0.8121456458220152,5.500228913533494,0.7639177668972675,0.3791289163904578,16.411220711860388,3,6.288312426833647,0.12255145635167847,0.22685397932067553,13,126.37135411802322,0.11,4.0,0.0,0.0,5.666337158434748,10.388324485830548,0.0
926,8;12;18;27;2,5.046235266349866,0.9523728268352871,2.0985570296697875,1.7081385826823372,11.251387973129734,1,0.37487732474897467,0.08069258634615918,0.0446270551488722,2,50.98272716650019,0.03,4.75,0.0,0.75,3.7805629954310342,52.30556572473209,0.0
921,15;23;27;1;2,3.059453086386241,2.0745963651544255,0.5472788490535958,0.2533152453802028,82.5743462094035,1,8.275041334884603,0.2440291482288632,0.0794808995921198,7,22.272814110660665,0.01,3.75,0.0,0.0,12.361388101069805,11.631465656455745,0.0
886,12;5;26;7;24,3.6088444876993093,2.4372872159620815,0.45606845739815904,0.7782360441827109,56.8018964839088,3,1.6540208123716806,0.1526403491781682,0.15394274150916773,6,94.16936709045643,0.07,23.6,0.0,19.6,42.89908958373697,28.03225411838499,0.0
799,2;30;13;18;26,4.25875328352755,7.753104603726787,0.8001102813931723,1.30113020636408,3.3876511162715617,4,4.088709196079751,0.20104326770074674,0.03976215893951172,2,120.79806767300249,0.11,218.75,151.25,63.5,411.4972234499913,827.5923815946319,8.516298359625022e-13
607,13;16;30;2;6,10.49327915489775,2.422502289823185,1.816396405509843,0.8538983061674986,15.524599756244061,2,7.1482846862951215,0.003732927626831517,0.2618233642972664,0,33.949894604621164,0.01,504.0,0.0,500.0,2324.2253585888943,24090.69756749817,2.5724931624136694e-12
887,20;15;18;5;30,16.321428196595562,2.8186815455935665,1.2017971308469741,1.2531802592269699,46.23719459496671,2,1.0598471426668605,0.29149073036234496,0.07726375374288151,7,70.81567076477782,0.11,37.6,33.6,0.0,415.8942060299443,1887.1006685521254,0.0
823,29;20;3;19;4,16.976668500944992,5.938486660912842,1.350039894046984,0.1996214822910707,9.671324564688366,5,7.594417295448382,0.25546101878939204,0.03206651299220039,3,88.17008831913661,0.11,150.6,0.0,146.6,1096.229817564227,6276.892456680547,0.0
932,24;29;28;9;19,0.8162085954316578,0.7995006049023246,1.1502530333625396,1.9339637488349128,41.730001436415655,6,3.613599507142933,0.12663810237613296,0.05454770363885325,3,122.17237393075524,0.09,4.0,0.0,0.0,0.20520221344556422,0.8529404053043048,0.0
907,12;7;3;21;30,13.833845216469067,9.014793957305233,0.8936568479530355,1.8948072195577914,78.11929367495715,4,7.717667884518887,0.17393795716772975,0.04533857549438097,12,131.68742014304766,0.01,29.0,25.0,0.0,220.94118753989906,554.3296795971762,0.0
790,24;2;25;6;4,7.272298485105118,2.480908290289804,0.8332401577268097,1.0794322199208517,53.726295740082385,1,2.8002592521956062,0.17849714940013822,0.2699829086067918,13,138.56334073772524,0.05,242.25,238.25,0.0,873.9328729261431,1906.1994206550721,7.745878773614773e-15
903,7;2;16;6;26,12.247083483238134,6.263590533474217,2.0892342188071886,0.2547540792773804,23.74673476104814,3,7.258518328944311,0.19118460595433662,0.24141128393508782,5,68.40992515676919,0.03,55.25,0.0,51.25,285.21160458286784,3911.0316040881617,0.0
813,21;6;3;18;24,13.843914036642666,1.056899350540581,2.364021089690072,1.7678423644122205,24.14771805042214,2,1.1743198574771865,0.2764274568469107,0.1036820128922666,2,130.21432861923196,0.11,139.8,81.4,54.4,898.3297980117811,15772.058222157657,1.4212120498049437e-11
913,23;25;1;9;20,7.372401674859829,8.294406882859157,1.1790977128557028,0.4989288377499431,95.67675030695253,3,8.818637704356476,0.25101804590754706,0.00657406925304993,6,92.61634871850029,0.05,22.6,0.0,18.8,85.29149743883025,372.524813407594,0.0
927,6;24;26;16;15,14.714069998295985,3.825977876024754,0.7649351280927433,1.014504524831247,2.5804708372415663,3,4.482256924467354,0.23405586135265705,0.2416378049765783,5,72.4170200450018,0.09,136.0,52.2,79.8,769.7865627321229,1415.0422577354218,0.0
889,28;18;20;29;14,11.141665338495617,9.220939348775383,2.1117483386840448,1.3957544444130001,49.91609099486244,5,5.761292752687303,0.07494110771851176,0.022988093679875775,11,139.15344759771344,0.11,14.6,10.6,0.0,111.37102107536509,1560.2938491996158,0.0
930,10;22;21;13;28,8.909918458603661,7.290257854781657,1.4627753784263189,0.39633614483032437,17.895683642669425,6,8.9028116971761,0.2542296718737212,0.1576153456167458,8,43.059223952472514,0.05,4.0,0.0,0.0,59.42344980163671,399.4505439997964,0.0
945,28;17;19;18;29,15.423386654463295,4.672663605999986,1.7837584097253407,0.49183182435247313,93.70994341842652,2,2.552246769951717,0.17465041061812658,0.27189522463589,5,121.14690105488188,0.11,42.6,0.0,38.6,311.73989862096715,3116.121119952665,5.864392232299317e-14
931,30;4;8;14;28,17.155190118850065,4.9786608680514,1.120748583974289,1.6220661499608888,62.622817507556206,4,5.612444848817955,0.1325147045591202,0.22186352763056702,13,40.8337826388618,0.01,4.4,0.4,0.0,69.13777129532306,272.82341825801905,0.0
922,11;17;30;29;27,5.178312053190222,2.5211166576954627,0.7899895628311874,0.9989963897303595,79.23230571331219,3,0.5323026345948376,0.2680787981723995,0.02910778580643043,11,65.20554903479933,0.09,14.8,11.0,0.0,67.40188790690652,132.14923120433906,0.0
948,5;22;25;29;18,5.166583532272216,0.890710024480108,1.179755569809266,1.0630181844134499,8.76068717803501,3,1.1876063342731924,0.21642771974864786,0.2650151351911173,7,60.87156745442163,0.07,4.0,0.0,0.0,1.810813314185835,7.917856463430413,0.0
918,21;29;26;25;5,14.079436551785014,8.758250485402714,0.15235879962358298,0.9189240378990242,20.29221974840194,5,9.051040487319154,0.048519262898035584,0.2962113690076719,5,7.738637312883776,0.09,33.4,0.0,29.4,177.07498139172296,12.913446340716003,0.0
929,11;29;23;14;19,17.41342634056742,3.857256901671148,1.372399637918334,0.0071022886872900955,7.092331099710691,1,0.7388835847367875,0.03428594673913984,0.03212716824473128,6,109.82033827679352,0.03,20.6,0.0,17.0,202.92804934958812,1200.751514338137,0.0
925,27;19;22;21;9,10.344128435130115,1.1946590891014297,2.581087700048462,1.6997128363172422,99.40301757169249,3,6.416584576001598,0.07391210068870914,0.0447168245944474,2,111.94691851245278,0.11,214.6,114.8,95.8,1026.6927356379026,21487.994508319658,4.545487462370812e-12
937,6;16;23;29;26,10.582287578998624,3.6352075208176493,2.4695664663372914,0.6768057909183856,48.867705655193106,3,4.9033244148601005,0.08389210326751013,0.09279303202111741,11,82.00595689084496,0.01,3.8,0.0,0.0,73.63580967734967,1410.8484907250254,0.0
949,8;17;27;22;3,7.649875213636866,0.08818004122155831,1.0650674317932596,0.9108842826006328,8.771901483889499,5,2.502968620120872,0.23478314699562983,0.11884007215165575,14,134.54155446735768,0.03,4.0,0.0,0.0,0.0,0.0,0.0
941,17;2;13;24;30,9.360426434437473,4.97474913863371,1.1388958292075373,1.203570607911254,34.51363379423212,5,7.976570914500447,0.002875831800480477,0.06541877076807147,11,26.338252920844937,0.03,8.5,4.5,0.0,68.42120426548237,278.81015736180126,0.0
939,20;26;10;28;16,0.6090436882139163,8.081366455030407,1.1664404351422286,0.19454865156669068,53.806461382464796,1,8.501112575202248,0.25159763619193193,0.04552396545813557,7,59.57145737222289,0.11,4.0,0.0,0.0,3.615442771503801,15.453843030953806,0.0
917,7;29;8;21;30,18.316267655034537,3.573016017819427,2.6247961179276307,1.7155859508660185,21.966475089104552,3,5.163094725090452,0.27729060416080076,0.2864432965506843,6,74.83004352186896,0.01,40.6,12.4,24.2,332.293605433881,7192.220717618358,1.5240916218564256e-13
950,12;22;23;27;5,0.006349665141161598,0.9915892310398633,2.5652031960206143,1.3198927153979143,98.48084331236865,3,0.9260522607733687,0.13018731063227512,0.2033875995080445,4,52.293381832943155,0.01,3.8,0.0,0.0,0.0,0.0,0.0
954,18;25;21;15;29,2.9013695038823575,7.163532771572468,2.4833421198551098,0.11394609710286877,32.109634054769934,0,4.967794603387146,0.11836813518681424,0.217898160355358,8,112.17037094784985,0.05,4.0,0.0,0.0,19.994699271985375,387.38059202857573,0.0
934,2;3;17;30;23,4.167379960671677,4.357852924242462,1.007971163355993,0.01125399358441374,84.90541603897165,5,8.298958424637448,0.11584735997182345,0.01000842145330717,9,67.60169812962918,0.07,3.75,0.0,0.0,29.065095045080785,92.77219573748633,0.0
957,20;21;13;22;28,1.4932287758859348,0.6606349856290594,1.0891987979170008,0.11532944725188583,5.798904957508466,2,7.5669723404370535,0.02869158574320405,0.13439741780349407,4,62.96976703723594,0.01,4.0,0.0,0.0,0.0,0.0,0.0
923,6;16;13;30;26,3.13699618735334,6.2900060357048595,1.1327214586018481,1.463671724908635,70.4239637708503,4,2.2978018563218288,0.1275171951184491,0.22286117856727758,11,91.84051742804579,0.01,32.0,28.0,0.0,55.63796065865038,224.2680111929175,0.0
936,25;20;16;21;15,13.994979831818238,1.5003494711940646,2.3204689787346586,1.1160939786275494,81.90290636849772,2,2.165937864877439,0.09814711565285046,0.1030563040006819,8,64.5370528325293,0.03,9.2,5.2,0.0,129.34345469090795,2187.992671594354,0.0
965,13;2;10;9;18,1.0583510888062135,0.3229138351902827,2.1970450067620715,1.7486292755046235,20.283520178612147,4,0.6116348372214618,0.07777485912680415,0.07084990067828141,7,27.967486006671226,0.05,4.0,0.0,0.0,0.0,0.0,0.0
890,22;21;27;18;28,16.022996455898777,6.980785086087059,2.0116166512933056,1.0805614203992904,94.12435436892585,5,8.679362423870145,0.06322253360189618,0.17703099497686361,5,117.63396952367401,0.03,59.4,20.2,35.2,380.8263406704306,4841.359090614099,0.0
795,4;5;24;2;9,15.087421606491624,3.8943224148489874,1.4708698291076594,1.715123282929597,54.078862876178626,2,2.792391581098421,0.22374036408997994,0.08523884298224367,4,74.86439273169059,0.01,358.5,144.5,210.0,1981.6093023005,13468.411731400212,7.96212380403124e-13
832,24;25;3;28;19,15.424812496442732,4.472457752653138,0.7797010218723119,0.7132620809798288,73.36061832777891,1,8.038897490078858,0.07975115208503325,0.1980456976568789,3,78.89069895252663,0.07,167.6,0.0,163.6,1138.844678697048,2175.0566680949846,0.0
935,6;21;23;24;12,10.483348494543836,1.931879773436227,0.7604776762584871,1.434951747893132,67.89154029736936,2,0.06701061277694492,0.08099337526001868,0.20596521528446937,9,53.82394217747017,0.03,20.8,17.0,0.0,173.04971507019505,314.40808187075686,0.0
885,25;16;27;20;9,7.127490661011436,7.095837861749819,0.3058349928548001,0.49599994245208423,32.251337072138355,2,4.963169212804167,0.0422947609197221,0.17440120701390618,4,43.64627707161121,0.09,122.0,0.0,118.0,355.6397553191605,104.50438770014539,0.0
916,5;24;22;18;10,2.636935723725845,8.471131590515137,0.6126067229693631,1.1867765439835778,45.74805205786807,6,3.9561519572577306,0.1046547955572001,0.08061092128364791,4,30.090573376762013,0.05,63.2,17.6,41.6,79.06791939337901,93.22098784327949,0.0
955,26;20;28;30;13,16.635201665703743,4.177458821328356,0.4549261721981929,0.3875521926779028,54.75235486341887,5,5.585510063651008,0.20248057030374914,0.19121011521490452,14,89.07962404879531,0.03,4.0,0.0,0.0,115.90027976870655,75.35571632783606,0.0
809,10;7;9;3;8,7.239735657682687,3.672441528696735,1.708562016564877,0.720070087965078,43.34721716664123,0,3.304689425607149,0.0496993522024806,0.019335479644844944,2,98.27998020640148,0.07,199.6,0.0,195.6,665.6131884733106,6104.263686982322,1.2413265799250299e-11
641,25;17;7;13;23,7.2101331292640305,8.169845949310018,1.4905393047873159,0.28364112051106777,90.82009164590038,5,5.400300429294791,0.28433969227364764,0.08108421043206086,1,78.2025831115504,0.07,289.6,0.0,285.8,989.5467415992355,6906.739101730402,9.149120350853858e-11
716,1;25;30;11;24,19.077821070215172,8.754981266973276,1.7667668972323731,0.9158627129560888,7.268211387502821,2,3.201222911970598,0.1394919108314378,0.035928546283072335,2,19.66626961231926,0.07,366.6,99.8,263.0,2050.937497340373,20112.256781938195,5.7618199565478313e-11
457,1;16;11;9;5,11.96088612420774,3.5050971387090293,1.5067981121262926,1.6701396141571814,69.62803300065706,1,7.792756666549924,0.12736241582807878,0.2048053697289573,6,107.69441520305043,0.07,288.0,187.2,97.0,1509.4052998428328,10766.28514841988,9.492567450182483e-14
383,16;25;2;15;21,18.15566441783887,9.559052083099694,0.4980488921775526,1.8416034424468748,39.359084824460524,2,1.382463089575946,0.16499381487086676,0.21502261665777858,2,116.10866303346745,0.03,675.0,342.25,328.75,3751.727290008015,2923.648056782098,0.0
952,27;26;20;30;29,7.563189597183735,6.54790193303525,0.7500530188703025,0.6751096689786573,55.292212102044736,2,5.860717214053667,0.034326777992925835,0.16372398159922705,6,82.69407995135963,0.05,25.8,0.0,21.8,92.31533150945242,163.1577219862437,0.0
969,13;9;8;19;17,2.6070132020643695,2.5697382005026146,0.18887060447870038,0.2919160104730778,14.632927599132062,1,8.455681241591348,0.2811634279338059,0.10712505575702755,8,5.337779794896644,0.01,4.0,0.0,0.0,1.3032931316696472,0.14605644299601464,0.0
960,21;29;9;28;17,4.83012879675828,6.675720948105253,1.3309569814849398,1.5229358488040563,50.14506039361456,5,5.2924386307356315,0.16300392271039255,0.08096722331668123,8,48.779339138820475,0.03,16.0,12.0,0.0,52.20105324900584,290.50738411396105,0.0
972,29;28;22;25;5,0.16400907705862883,5.671350320070278,0.9472708462482904,0.5440823677523551,51.525943692008404,1,0.6699856244539335,0.015770829254867436,0.23138065065254798,2,108.9908059805238,0.01,4.0,0.0,0.0,0.05739361451267509,0.1617937689650329,0.0
976,23;8;19;27;17,13.503971253884256,0.8914764505500439,2.3528125963266646,0.7836618157528042,70.50610606578064,3,0.8013413705439086,0.04316002694336272,0.0562889951157233,3,42.84151478193568,0.11,4.0,0.0,0.2,3.3623167490004446,58.474049343997095,0.0
979,21;12;30;14;3,8.770147301749205,0.38462765436184876,1.0399933163392403,0.11367934174052743,49.13322656822518,5,1.4811487935024246,0.15057525875709474,0.09227537453929636,10,59.07027409495335,0.11,4.0,0.0,0.0,0.0,0.0,0.0
258,16;13;17;10;12,5.578294717065288,6.958448952209547,1.8812505364838081,1.0311458964306845,51.20459853213695,1,4.606378717073258,0.13244727007835214,0.155410906725685,1,91.30788510626269,0.01,836.6,664.0,168.6,1828.7754366043919,20333.096700716706,1.2257556931079675e-09
962,6;20;18;12;27,17.65969084032004,4.961873810528673,2.7105647596495617,0.681368345048157,78.33200784312608,3,0.6753251313458362,0.2790041734817029,0.03078507809446157,8,18.322314671768524,0.03,4.0,0.0,0.0,62.38267052557865,1439.9035769360758,0.0
858,18;20;12;27;24,10.90671087260492,7.301444144796191,2.674903015912921,0.5518626059109645,45.982102247680025,1,6.009815811408125,0.20599323183372592,0.0993643687685489,5,39.54076407995815,0.01,60.0,0.0,56.0,261.71204543283307,5882.875605363347,2.922545239610997e-12
971,10;1;14;29;12,18.707376384265075,1.9878629237193068,0.013497775630063867,0.44624897283001475,0.04857406440251788,2,3.178843275171934,0.03876961441180449,0.09421711368963777,8,29.197321648037004,0.07,4.0,0.0,0.0,48.63156852623102,0.027835085477796718,0.0
951,6;13;11;27;24,2.3356689935500716,7.293404012993495,2.5733986968565827,1.2963963337423423,33.726169320208264,4,1.65338060004692,0.07308356695170348,0.03537481489656815,1,137.78960680596325,0.01,183.6,103.8,76.0,204.30539148240354,4250.537515297557,5.846188395398825e-10
983,16;27;30;11;3,17.252156950750123,0.294827380775321,0.9629484457967321,1.9307944786448488,77.13144715457182,1,0.16736325876835412,0.2766087181353046,0.04374437182293032,9,67.59648925548056,0.01,3.8,0.0,0.0,0.0,0.0,0.0
968,19;15;27;26;18,3.7137075170710205,6.541249512352998,0.0320198909314803,1.0151948473745855,69.00351055633726,6,4.207404466619549,0.21188221410593297,0.01731170982661415,11,93.48977663519521,0.05,8.0,4.0,0.0,29.441255023667168,0.09483003009947874,0.0
982,12;1;25;15;20,11.306989539141394,0.8303696294173357,0.1693310589833692,0.728679391605028,9.026429831163673,5,6.766377309201127,0.1035459983388981,0.14857517932776967,10,107.3964317460996,0.01,4.0,0.0,0.0,5.654777777613553,0.509376217554008,0.0
870,30;27;2;14;1,2.3997574680148395,8.529332132469992,0.1914174020746813,1.626436531993577,13.994431099704629,1,6.2210876770103845,0.02554563979960508,0.26336829587594773,12,60.47574726717738,0.05,167.0,163.0,0.0,210.8373495295806,24.269467975480232,0.0
985,4;3;15;26;17,4.030739660442205,0.9908185645484546,1.3589812815365203,1.6734052735972942,2.107989262043286,0,0.24073890146658597,0.1490807753277069,0.04797860395824431,7,30.71750635943603,0.07,4.0,0.0,0.0,0.40778208455616377,2.3659467402601635,0.0
940,25;29;7;8;9,4.181003673568738,7.256238778425587,1.3646880667131538,1.1578815528499744,20.202590046893988,3,7.074305437243566,0.15895098354353157,0.22019643635596733,9,75.71565151314142,0.11,61.6,57.6,0.0,130.97000903503672,766.2818129545343,5.427482268412274e-13
973,28;21;2;6;29,1.826428795333903,8.204905450811841,1.2088888292890017,1.6431971920092021,19.68553028139519,5,1.7823633222968873,0.22525745297896493,0.07730239642962172,11,62.85658361932186,0.01,15.25,11.25,0.0,19.37967071010162,88.97520456523637,0.0
961,28;16;17;18;9,5.583758324595245,5.686759554965803,1.5794422902337932,1.2804404176193096,39.74237899178931,1,8.827031485577862,0.023211323665805073,0.2947677316362078,6,128.5650701896789,0.11,250.0,246.0,0.0,652.3470999375172,5112.533105393382,3.339283871291678e-11
974,30;18;24;25;19,8.414726292187336,9.582637540621004,1.975923265421912,0.6572853475199858,77.16571952055455,2,2.3781262058570927,0.21462157114305977,0.23148167125895186,7,104.38114209260297,0.03,4.0,0.0,0.0,56.836093646425866,697.1307562830591,0.0
981,18;5;24;2;28,6.654122562618538,9.02864845116136,1.3289338953800327,0.8951572721343704,59.81532072318472,6,4.12174729374368,0.22244347749762977,0.09583159865308548,12,2.2486063525597277,0.11,4.0,0.0,0.0,30.908117285412285,171.48620178804237,0.0
946,7;11;10;26;19,5.421193960625873,8.605341646049375,1.3371039357732084,0.5728198506809088,53.42122098039245,4,2.808023355748706,0.12070410799497522,0.13584443611669875,10,87.97666274183413,0.03,3.8,0.0,0.0,37.178971266430615,208.82263703553244,0.0
978,30;29;28;14;2,6.750012129552548,0.8550581853434869,2.447552834083121,0.4253554436549064,55.56840424946249,2,2.1183099661040417,0.04726687274554956,0.010819816717121266,8,130.333585556062,0.03,4.0,0.0,0.0,16.450400573150525,309.59254996749496,0.0
816,23;20;12;28;19,7.744023493054965,3.2760318616730344,0.5399914136413574,1.7928699788567153,95.42385950851445,0,3.575109751822858,0.009714246975943152,0.029291042681918344,10,123.15418454847054,0.05,230.0,226.2,0.0,925.8390696433364,848.1234763383272,0.0
989,22;29;2;28;15,6.093748048773971,6.3946234952106025,1.2573487875759086,1.7992764256987341,94.97714553388384,5,2.4499055723494365,0.10292551563146592,0.18550693558925252,5,74.44865752190512,0.07,85.0,25.75,55.25,193.8471120482801,962.7659951822392,3.4462251081379635e-13
997,22;12;27;7;24,0.44048354453155875,5.410315555093601,2.2844454707315105,0.6868398327246411,42.463051518118554,1,2.7345991638004894,0.02060797815726226,0.22259986130801027,12,120.35164083863089,0.03,4.0,0.0,0.0,1.580465541749251,25.911735162518504,5.050318733946488e-13
846,4;6;15;8;13,4.557735370120452,9.004501019540147,1.5645349767323948,1.7065982756442006,41.654427999327794,4,2.5787746661605255,0.1259039585803077,0.20089137359200174,4,64.40474951178622,0.09,216.8,97.4,115.4,349.7191232591465,2689.3034375581597,1.0843706104769545e-10
999,19;17;2;26;12,17.0172062007714,0.6339547472459173,0.12664080120914809,0.367943717715765,54.43710426600957,3,8.183364916292883,0.18198638644526743,0.09331681486174956,5,45.00513294528874,0.11,4.0,0.0,0.0,0.0,0.0,0.0
998,5;19;30;1;14,13.926234223412404,0.3550580483674093,1.2977156613531666,0.539701674948882,60.654190240520464,5,3.641506607850189,0.08753990180740359,0.2610632271246892,0,9.796822491289781,0.01,4.0,0.0,0.0,0.0,0.0,0.0
977,16;1;26;5;22,11.956466446929229,2.184101424728265,2.7808343234384174,0.33583488246670357,68.46009983277315,6,2.2554917252494247,0.22863341849494745,0.25855545759115417,12,7.629995705797978,0.07,4.0,0.0,0.0,1.1945469341985366,29.020395120670834,0.0
1004,25;28;27;29;6,1.3899328932217967,2.928904499744519,1.020669725071258,0.8665611939561438,78.29334443792473,4,7.316560229666414,0.2846761904396188,0.12763397290183345,10,56.586525437994005,0.11,4.0,0.0,0.0,9.719856852289562,31.81121139246692,1.7763787029896686e-15
993,16;14;10;18;4,11.429801469449968,0.9011118762689885,1.5189647290400679,1.4796006623457876,74.99662361577062,2,7.73278252209413,0.09338351763212425,0.030910983624626708,6,95.05209705983937,0.03,4.4,0.0,0.4,13.694717900772229,99.26550178374035,0.0
1005,3;18;23;15;7,18.4772964547303,0.7575161195905644,0.5228964936900719,1.5330861955552577,22.455225287146487,1,4.898734085575555,0.05189646245258584,0.0024811609488525122,3,31.079258657450232,0.05,3.8,0.0,0.0,1.8683048864889713,1.6048301752437706,0.0
1009,24;11;9;17;10,2.8667844871859103,6.884059663736347,1.0751698013968212,0.7659824313284163,40.163475829392624,2,0.8679834338571875,0.18154994087619203,0.06189044501555325,8,47.37266093783132,0.05,3.8,0.0,0.0,19.883830881302778,72.21111464973133,0.0
943,4;28;29;15;9,17.074755787020806,5.918294733581103,0.2386332723669807,0.4433797570963675,7.076082837619946,0,9.109675150092464,0.18932998857799857,0.2846903666483491,4,136.10867672323695,0.05,63.0,0.0,59.0,527.2022351558244,94.31681119035947,0.0
1000,22;1;15;6;9,10.987407586092408,0.14625401274759975,2.2292823188514275,1.146032740575132,62.0654328179833,1,5.194231514499428,0.12658166282874936,0.2830005683583617,0,47.1199673094779,0.09,4.0,0.0,0.0,0.0,0.0,0.0
996,9;13;18;23;12,6.420597586503133,1.3019252038998808,1.002983741302024,0.18156764034117584,48.45296533349094,2,1.1966483977519804,0.04096039713256352,0.07531792313564636,8,57.87640165817176,0.01,3.8,0.0,0.0,21.184807065232544,66.95178679684088,0.0
1012,2;14;30;24;13,2.9218938004215067,4.462846372462615,1.9143624366911347,1.23826449170216,78.84671351538879,5,1.3882409609057975,0.21933522401967445,0.18895366971931715,7,101.91330445544601,0.05,15.5,11.5,0.0,31.390744373080793,361.4097087435094,1.0764665142461374e-12
942,21;27;18;25;10,15.865036918575822,5.458010250342319,1.8399997109056194,1.6331183048330342,92.06820395704489,2,7.81097138356987,0.08770864576317998,0.03177739995591939,8,106.74581385561295,0.07,67.6,63.6,0.0,594.7863513123154,6326.250379375767,0.0
944,28;8;3;7;19,1.1303547093034838,3.7470080224454527,1.0389498442552438,1.5399877133521445,8.37591289755295,2,7.64553834330917,0.22436754909087575,0.007554230810669204,13,60.314314980411744,0.07,48.6,44.6,0.0,34.79156061972684,117.98123754975113,2.1308763962060713e-12
991,9;29;18;22;20,4.194392060592608,3.3802320223252122,0.2332880472398922,0.6744601864156912,49.36508472433626,4,2.5284612255564465,0.04175229434182049,0.24797778195997025,9,39.83041746013996,0.09,4.0,0.0,0.0,29.305960107347186,5.01061232615075,0.0
1002,7;14;20;30;22,18.580497721496254,0.1814112420535552,2.2280290336961817,0.17681357336557973,58.84371545278919,1,1.9135760221605025,0.24140479132356463,0.0945751516687404,3,102.01352379258388,0.07,4.0,0.0,0.0,0.0,0.0,0.0
984,23;22;5;16;26,5.911980385149632,2.533063742545111,0.23359959681899414,1.6307369601158133,54.071931847528376,4,2.058915985424354,0.056494723950645594,0.07747555654514793,5,17.171714489904296,0.01,25.8,0.0,22.0,62.775300657185326,10.761748831889923,0.0
1014,26;11;16;1;27,10.04363849717006,9.083091143650057,1.6976207942120365,0.3774390299150379,84.41685100025576,4,0.378923302193786,0.23880731268222802,0.2140477411995587,8,77.43692011411929,0.07,3.8,0.0,0.0,68.05443134314119,616.1517051000383,0.0
994,14;18;26;24;7,12.885915207136058,7.170036914775927,1.6393937718233533,0.9178643610968261,30.878081117301537,3,7.459541817765352,0.20731797340689354,0.07514053889124304,11,129.76895535330567,0.03,4.0,0.0,0.0,88.31435568096774,745.6718343471268,0.0
1016,17;15;24;1;28,11.510043671108285,2.890384117197585,2.0401271153404603,1.1935110852177246,64.66378114868313,6,6.735397547678322,0.1897714449104905,0.11395036893988188,6,52.798047282217595,0.05,26.8,2.0,20.8,140.82765169489784,1841.417500801547,0.0
966,1;22;19;23;3,6.966609547851927,1.8259582539535468,0.25863146592538505,1.6483018485436545,31.389696341646033,3,6.923354938874547,0.009125187476500984,0.28174120384404905,14,132.0823667650799,0.03,56.6,52.8,0.0,218.72593017786963,45.96347629054858,0.0
947,3;7;30;21;10,4.208729469524353,5.011016770192934,0.9349608105684638,1.1708299750086144,72.34367323075406,4,7.358252923061659,0.13743946723425315,0.03817973102249692,1,111.45571110884248,0.03,81.8,69.6,8.2,171.80847210917528,471.82534209449005,2.2143739804080383e-14
722,30;12;20;16;15,16.970538596963852,9.30661585792527,0.017303924889257558,0.5991705901720384,82.36165223881471,4,4.175691839661223,0.02491319199316634,0.2461875448568804,1,117.45574157050169,0.03,184.0,0.0,180.0,1284.9016520143045,1.2086735067610288,0.0
1010,2;10;8;7;20,2.2844251026173428,6.058494107330451,1.4891637635344341,0.3438429469214441,3.2687321115632217,3,5.9449726063806985,0.20764274951282144,0.2921775672711328,12,39.53610986606916,0.05,4.0,0.0,0.0,15.869774472960056,110.5619137133369,0.0
1024,11;22;10;5;6,19.08815206223058,8.373659533884627,2.60056835515645,0.7432976438944403,49.94495615846311,2,5.952489741693944,0.21421343443171537,0.2935623798895045,12,111.47472958639322,0.01,3.8,0.0,0.0,128.11277594772972,2721.94196565354,0.0
938,9;27;20;4;24,13.171574276315742,4.706432873127334,1.223698731006845,0.3359148112747532,63.598556297430974,0,4.524096080870516,0.2311674284074027,0.009464262550598812,4,57.937615208472174,0.09,109.8,0.0,105.8,605.207330063304,2847.102295136369,0.0
1006,9;6;26;27;20,14.470316776887651,8.019264804262853,0.2215436036756832,1.0081651473180966,6.981575247186356,6,5.711359505245006,0.1530708667259659,0.03751165676828596,9,63.83042418405234,0.07,6.4,2.4,0.0,106.8866930944434,16.481318232169734,0.0
1029,21;25;9;15;5,0.20457918233049296,8.018785608047166,0.3003307268134301,0.4599812169971985,45.475987721005225,2,7.312610131250401,0.12666747139829296,0.2830990837642385,9,102.30245494564161,0.11,4.0,0.0,0.0,0.11241649820618763,0.03185513571822056,0.0
616,29;16;8;11;19,13.335085043609645,3.371587783088037,2.2127957412693195,0.8359779466843379,97.654415515091,3,0.7976355298192191,0.13537424874664858,0.0856263550714643,0,65.54403234962557,0.09,519.2,0.0,515.4,2933.2481706758203,45121.27208631385,1.7573778386605875e-11
776,11;17;25;9;10,13.529029311553957,9.670726001814852,0.9734235292414074,1.0670880307321338,30.061944992478075,2,8.716148610299502,0.2421690334086043,0.2730741345471485,4,127.24518106210422,0.09,234.0,160.2,70.0,1244.4248678519427,3704.437169696414,0.0
1032,11;25;15;3;30,18.845858488094535,4.990755436219114,2.3452126089544616,0.5713101551850039,95.90545652361175,1,4.429170940679454,0.07131523431784882,0.247889729853829,10,59.97470293933357,0.05,3.8,0.0,0.0,112.7541998221523,1948.260569221243,0.0
1011,2;6;20;14;23,13.508719473048188,7.005917583442233,2.2313220465404626,0.5890281457617654,63.7017294707637,5,3.7675577511825007,0.1935985566374895,0.21304344075897474,6,127.78848474640581,0.07,23.5,0.0,19.75,159.78625234195113,2499.2735700723715,0.0
1020,15;14;21;7;8,17.034722536375288,0.6854704785941934,1.7409226317594104,1.3873847932411025,69.44953479310651,0,0.5790476584849241,0.2620648731852935,0.2551792527671566,4,41.848155119792864,0.03,4.0,0.0,0.0,0.0,0.0,0.0
1021,30;28;23;18;14,0.40623640798319666,4.004741783466592,2.588649403261517,0.7651571358106108,19.773528805558072,6,4.21862513300201,0.285313893320756,0.09155398009480184,13,77.84199037644574,0.03,3.8,0.0,0.0,0.852353952447716,17.943878607653335,3.782363532042175e-13
892,28;5;18;8;29,8.017559178383678,1.161072252356452,1.7917222593951165,1.0798282013640634,34.02611685148996,0,3.0403033051256303,0.11539725349134494,0.0860060805924845,0,70.33897968509801,0.11,95.6,27.2,64.4,326.9137922482537,3297.0421140935155,1.0652809890193828e-12
1033,19;23;27;30;21,5.060140945816626,0.4911800227723728,0.5081080486891847,0.21677998665983442,90.60173538914526,4,3.201997082985672,0.28060044621668584,0.2019359761686214,2,54.29765347348058,0.09,3.8,0.0,0.0,0.0,0.0,0.0
1035,12;10;15;7;24,4.504355067658075,4.280972761034093,1.289581738879636,0.7066558337396285,68.47632102343806,1,7.224789499846364,0.23352346481015526,0.16672116722614547,10,41.991433914149,0.11,4.0,0.0,0.0,31.39129367978959,164.00490463965306,0.0
526,10;12;21;6;4,4.141082854091787,9.363217117874218,2.4820139356773705,1.7691489315966569,88.74501470481742,1,2.873753059005638,0.23226738334645286,0.24901249522940005,1,34.202032148720754,0.11,462.6,0.0,458.6,765.3453130120273,14812.06914675223,2.0397729101953174e-09
992,9;26;1;17;29,2.5328374279144774,4.187923246717728,1.0725122681815698,0.2614355793242407,65.34315459288814,1,2.723399146992595,0.12438633347176908,0.1504534116062941,5,18.665740269395744,0.07,37.0,0.0,33.0,48.222005203476705,174.26078881558402,1.6966660138099205e-13
1041,24;30;10;6;20,2.9164105767431394,0.2806722079408541,2.1386299874743555,1.9097234812268427,18.358376874821058,3,3.6184332663213414,0.25585028315802116,0.14302880994228248,6,30.814887900914098,0.05,4.0,0.0,0.0,0.0,0.0,0.0
1023,25;2;28;18;15,9.763815227296712,7.0404035692216365,1.5141981430782565,0.8296212771239402,43.120436406974086,4,8.486898018201922,0.0714986228505589,0.1917954191759191,14,74.39691422468901,0.05,4.0,0.0,0.0,67.06104440333976,483.0427898856973,0.0
1038,22;30;14;15;25,16.007040277902405,0.6200288786013697,1.646406862825913,0.5811568865189035,10.223550112262657,1,1.4534219015283492,0.17436710708347888,0.08849176096698703,8,57.812901510348,0.05,4.0,0.0,0.0,0.0,0.0,0.0
1018,11;9;21;15;3,1.3290758605984359,6.324398146744791,2.716479587183036,0.8911241880991108,38.843035528203465,4,7.828228669441857,0.08253372695725515,0.12533542072912243,10,26.47792829340557,0.09,3.8,0.0,0.0,9.215699072617962,213.6441716367311,9.555084581818013e-13
1026,10;4;11;6;2,10.591081509935004,9.981906700647112,2.734192912319151,0.4778645944133034,10.575606065881571,1,4.605276686673827,0.23560121364698428,0.2531045213275772,14,106.18731841545835,0.01,3.75,0.0,0.0,70.7441965119857,1661.494842172307,0.0
1040,2;6;27;1;23,0.9065589898783218,2.099743734540053,0.5863075718380284,1.7741284607670103,55.8156362337753,0,6.1172863058597695,0.2556564372331151,0.2245952117684292,7,4.71358471537987,0.03,3.75,0.0,0.0,0.0,0.0,0.0
1042,5;8;28;22;16,7.207169991596682,0.0930984234943788,0.338098132769912,0.9026863557222362,17.91986854884837,0,7.230893127009776,0.07253142331015054,0.1890632102500357,9,77.96891302451947,0.07,4.0,0.0,0.0,0.0,0.0,0.0
1022,10;12;6;9;22,10.938335349773206,7.820208337095844,1.9642872931613906,1.7072612911402842,81.23054211746701,2,8.33175015176261,0.13460018043619398,0.06898619591873663,6,135.05382872456727,0.01,147.6,110.2,33.4,649.8616572212679,7877.361948867052,1.3486785620828638e-11
896,8;11;25;18;12,6.591324329482957,3.709201745866344,0.47320978561028787,0.5669859865255712,37.10219932106427,2,4.601104096265025,0.17942737031390601,0.08412626453069251,2,97.85406078527706,0.07,157.2,0.0,153.4,529.6496565538284,372.6027033720353,0.0
1031,23;12;10;29;14,10.823451261654272,7.978720556539781,0.22919120258533007,0.3512753052120282,74.00810957150853,2,0.04590065953339075,0.2609290656278256,0.008276465710559244,11,126.69491409744198,0.11,3.8,0.0,0.0,74.29643459323759,12.260656703082246,0.0
872,9;7;26;23;29,12.999278971725206,6.0985876985913805,2.6415056903425365,1.151384696938196,5.182649493181357,0,2.2607453113300977,0.07654683784173712,0.0628264364558223,14,99.09751546186452,0.09,182.2,178.4,0.0,1132.784394536326,24831.344278944467,2.111979750056642e-11
1027,28;24;30;14;9,0.3782770794791184,4.476746762503264,1.7147772638521106,0.5573391727941172,77.81233227869338,3,6.123419353422184,0.01224380994177079,0.0018249125031132628,1,130.6344443775714,0.11,4.0,0.0,0.0,0.7367933627517449,6.806298798379309,2.0791181654652957e-13
613,23;27;21;16;5,10.677793909788912,8.477768368072963,0.6448522856722678,1.81143982427078,36.22875066322546,6,6.303332734791309,0.08010338222460602,0.19646447126279812,1,15.971498953989855,0.03,549.2,0.0,545.4,2269.527778699257,2964.871412209378,0.0
1025,18;17;19;13;29,18.083637374656217,1.6440183079027937,0.8413187622716362,1.9878905177672845,49.44705118526378,1,1.2692196543042513,0.10592353142368144,0.12606756858556445,5,39.82514185071648,0.03,24.0,3.2,16.8,163.50790367451052,363.58819298367723,3.004690667545877e-14
1049,4;10;28;19;3,7.968934925537443,1.8772751337649873,0.6119255219136887,1.1963424837759493,59.169435449617914,2,4.254628590708447,0.08170388327811043,0.2067649966316593,11,15.318263465974077,0.01,4.0,0.0,0.0,7.968765617319114,9.37428298973673,0.0
1052,12;7;28;16;22,0.11734263360420623,6.577075997256721,1.204022885830356,1.5582779641441709,60.54207188888287,1,4.023209954974661,0.22315766039126453,0.17930481245872468,12,134.8464725870389,0.05,4.0,0.0,0.0,0.05274573167699618,0.24021862557821044,0.0
953,9;8;15;14;16,6.206896407736262,9.208951242278388,0.16593535778079008,1.967331531400863,73.0440444321909,4,3.1009670373278366,0.15452715347811727,0.04816176248562907,4,24.434318615485445,0.09,132.8,0.0,128.8,325.80338640847185,28.182748100374464,0.0
1045,8;6;20;14;29,6.964853520108972,8.774865180502987,0.38265634608405225,0.9754562515954978,36.34757512204254,5,4.529311045516202,0.08637344064549399,0.13133701216506932,12,112.12477047351493,0.03,4.0,0.0,0.0,47.70997183953564,21.947086397125425,0.0
1043,27;28;24;7;14,12.374997404457874,6.881398819234473,0.06211699575409204,0.5013689300806234,46.151048939853865,1,4.130922539154691,0.19918909729533377,0.06777739990055857,13,123.40007439101223,0.03,4.0,0.0,0.0,85.28915189628421,1.0338667183254557,0.0
1039,20;15;11;24;23,5.756928586554616,7.831708196725332,2.0420161839095,0.9487204475603876,80.87839630890652,5,6.422289417480027,0.02053934343092546,0.14703723805735183,6,123.23380933159955,0.01,18.4,0.0,14.8,62.42705169350395,817.7886085672375,8.469969574736405e-14
987,2;8;7;29;26,18.686599532199175,3.8032338370969585,2.0104741540650926,1.08850495147547,36.050896819650916,1,6.845453882132014,0.2800829658960256,0.07577742894005807,14,26.357394110814337,0.09,10.25,6.25,0.0,115.17604732164943,1462.5443062660277,0.0
1001,19;13;18;25;24,17.800625013043547,3.3702335289763576,2.659636217082515,1.5460090545474316,66.67235459656715,2,0.0933932827996342,0.15672008433880966,0.2586196239442587,10,48.93999521797688,0.11,12.4,8.4,0.0,166.9860564575785,3710.8598951208864,0.0
569,26;7;5;6;19,7.467941439326792,3.982779755705929,0.03729329108689909,1.3743260859748165,29.11869038976116,0,4.008436155103475,0.15353991665616853,0.27992468731437903,4,84.45765967945982,0.03,786.4,454.0,328.4,2260.1134261171796,9.875100630248747,0.0
1046,6;2;27;18;17,2.007395749472432,8.517297128464733,2.2146907488854755,1.0004632536755464,54.216853115065334,5,7.507082414077647,0.1357905432246597,0.1995149406285268,14,64.96632773601375,0.01,16.0,12.0,0.0,21.470638544950624,330.84228866847354,1.0445006960334947e-12
1060,7;13;17;3;19,17.16539343632307,0.7575929488371025,1.106577073869172,0.9889380677159445,52.69109354641056,0,6.800580338190732,0.04751711263926532,0.21892662478118322,5,29.341328099514445,0.07,4.0,0.0,0.0,0.8740366493597286,3.362349487422825,0.0
794,26;20;9;15;17,6.3511670679837255,6.4317607909941525,2.083279677756801,1.7416284665801403,77.82183134695877,2,7.4035721094814235,0.262748602940906,0.2560409837056909,1,67.45518206350198,0.03,325.4,256.8,64.6,850.3236752476203,11593.893283551453,1.8060726110062833e-10
995,25;5;28;6;13,6.037711849054098,6.378081651697633,1.536324376255976,0.4948438086106731,29.38811014428274,2,8.65549376672247,0.09308383863372445,0.12043739753392474,1,112.46147336409491,0.07,42.8,0.0,38.8,175.87504682088147,1304.127165486282,1.6637346523937533e-14
986,18;13;26;28;19,10.5902411961091,9.873021684692493,1.9920681502944684,0.5961349117273015,71.12270115053175,1,8.881520166069103,0.010422542800549106,0.00521742825542969,5,134.85621635386838,0.09,42.0,0.0,38.0,201.6101681760319,2513.452535936375,4.764355172833891e-13
817,23;13;1;20;6,7.0404351277340425,2.7444585204126426,1.5001835563500672,1.7251531960301278,8.62111162420578,0,3.0641284247888194,0.23216253896496403,0.11186162409049995,6,66.30447774140333,0.09,403.0,218.6,180.6,1139.346036898407,8055.533727685681,1.2723105428453746e-12
1068,9;2;10;28;1,3.5335484161574824,0.21066933971402912,1.2384433179422865,0.6397667862486732,88.75099597869044,1,9.042165977801693,0.25761428238440903,0.2890790302320799,13,35.25616705614786,0.07,4.0,0.0,0.0,0.0,0.0,0.0
1030,24;11;10;20;2,3.2059275148889106,8.898281176458879,0.7161979818493004,1.3526398791608538,48.839511227150126,3,1.575795629900284,0.07190813235340862,0.25652066791427874,12,51.72411428553937,0.09,59.75,56.0,0.0,101.98675718238002,164.34626609054044,0.0
1056,23;11;20;8;25,15.544630360016235,6.491701413554152,0.07303020116085066,0.07551462359830553,79.87342231309013,5,3.436466727726897,0.10167760835126337,0.12494421213829388,9,96.72884144013898,0.09,3.6,0.0,0.0,107.34633386254514,1.798631037125194,0.0
1057,1;22;19;23;27,15.12147284166131,5.748901678183294,1.6358088291317507,0.5772113283637347,53.29963271549689,1,0.12888238143912545,0.11814567827143009,0.11020874817732676,10,43.55470572656908,0.01,3.8,0.0,0.0,81.31942259934762,683.6113345088407,0.0
1065,12;16;14;22;19,14.476412293709789,0.9233526303365613,1.430719486327456,1.8125212320399677,1.379682803942195,1,8.787204077107612,0.1116197721934941,0.11936984006616899,9,44.761683881431885,0.09,4.0,0.0,0.0,1.419060776893201,9.125566903656237,0.0
1058,28;18;20;21;8,15.351297989740795,5.643695209567511,2.3836510242621527,0.8756147998092494,46.978867762342134,3,8.131804441978499,0.17562485469795588,0.11003907395834238,14,20.82611926857328,0.11,4.0,0.0,0.0,60.94885046089536,1087.9294628030414,0.0
864,2;7;16;29;28,12.873916271225044,4.270409389808922,1.4930714262452982,1.3045075965060944,17.501524142028615,1,3.8400052967464746,0.007924248607294904,0.2997891355912551,5,50.04152829985054,0.05,390.5,153.75,232.75,1792.4794147949915,12553.511302846964,1.0292193889742521e-12
1070,3;17;18;30;2,0.22054767317763543,9.691857881168204,0.21213070702428868,0.2931486011707011,90.01057082935613,3,2.05494980733924,0.2654644863902836,0.05099919439605203,9,92.78261296454832,0.09,4.0,0.0,0.0,0.20643820637029478,0.029184148645102947,0.0
1053,28;8;14;3;12,15.4894402402312,7.018445587303715,0.9366756918519348,0.2849931987219555,55.43158815931065,5,5.58316377315,0.2566265701931752,0.02171266288756649,6,130.70718032789736,0.05,23.6,0.0,19.6,178.7964120196517,492.81869190585815,0.0
1062,6;13;20;14;12,0.7655319009450468,9.413874856178818,1.1344205587335265,0.7430682282127878,76.64034909069913,3,1.884133261269231,0.14497896788771872,0.10910265948852757,12,27.36081668486945,0.01,4.0,0.0,0.0,3.7358838906248586,15.103980622644986,0.0
1061,14;16;15;8;19,6.97076188375501,2.598736413669449,0.6293379496225266,0.30968558732697643,66.69216011239787,4,5.145175412581955,0.274846108065496,0.12384973739005523,8,111.19566979669443,0.11,4.0,0.0,0.0,48.744962281923684,60.65232495459378,0.0
1076,1;8;18;20;29,4.516379627219131,0.8126241063673689,2.3434533766536507,0.1685628384469027,29.150435322177515,4,7.0231553504251165,0.28125520759084044,0.25094023482788813,8,109.0296307027808,0.09,4.0,0.0,0.0,2.69736469924202,46.537406579513934,0.0
1050,12;1;4;24;28,9.90993500902336,1.1639287399766618,0.34229786468704587,1.1936455043529661,96.77551023197385,2,4.814121642900804,0.2940063924479024,0.17582375888496596,7,96.15753245698869,0.09,22.6,18.6,0.0,170.9529828124182,62.92669685927153,0.0
1072,23;1;13;10;26,0.4063282602699911,6.604970374337139,1.9574718426021531,0.8436151226748684,16.40099647403037,1,6.217603866949097,0.15763512100789293,0.2414894832761451,2,129.23605220192482,0.03,3.8,0.0,0.0,1.0390153360445056,12.507280153751772,0.0
1044,17;20;3;23;26,5.331708197161107,4.64552968556071,0.6516000012511431,0.38301030340504616,66.16625464351252,2,0.17252154202832534,0.2420415696052769,0.23008929726450414,2,67.24282654562778,0.05,323.0,0.0,319.2,762.9362979634733,1017.6543733334713,5.787760169318348e-13
1066,21;7;11;18;20,10.286168059954415,7.708681582388125,0.09420014006263341,1.1107959592794645,74.83641281987258,5,5.011654277408243,0.19511000247513988,0.2364279454940327,13,103.48974196082214,0.07,14.0,10.2,0.0,106.58381148744213,2.9712843569543983,0.0
1081,14;9;23;3;29,19.020809408148256,3.0878747426541517,0.6049668556942625,0.5611731710645488,68.26429769661402,2,0.4491510693803606,0.29857557627355213,0.09600839778248352,12,7.4196096901670465,0.11,3.8,0.0,0.0,11.400557557868149,13.108081334676445,0.0
1055,9;18;13;5;10,14.286703530141398,9.89878746783849,0.3329003173181817,0.1031399119259285,97.88056857767926,1,6.965339603179365,0.17817343991308643,0.1938367149170981,8,37.06015837171252,0.01,4.0,0.0,0.0,78.73130677273966,27.411054985494882,0.0
967,20;11;21;5;24,15.627236150409272,9.729108042074232,2.724646919432816,0.5853169856666431,8.081210462444954,4,3.26106123178163,0.19739063044906519,0.2514697900397026,4,6.4013874531776445,0.01,84.0,0.0,80.2,469.1729279441457,10942.165507221887,1.2989652468247868e-11
1086,1;17;14;27;5,2.9355746511731344,0.8735828305978621,0.46412727445906227,0.19257280555766945,24.451930636386976,4,1.296592890966511,0.0496911092979709,0.11060198427157732,12,59.82369180511242,0.05,4.0,0.0,0.0,0.5843606753384181,0.39546225277516556,0.0
1088,25;6;4;2;24,9.212108961349882,0.23519630532067626,2.166754332974026,1.6021138825845427,72.70493871281884,3,8.951665526848632,0.20510485436703713,0.1088854704879442,13,72.79838475483494,0.09,4.0,0.0,0.0,0.0,0.0,0.0
1074,24;17;8;15;20,8.549182345944283,1.0014925959126242,1.540280905720675,1.497781877937113,59.15532093843409,3,3.8351852432852302,0.04786728388194202,0.2667232937536937,11,97.73314843175436,0.05,7.8,3.8,0.0,49.22380386626292,366.8807351779805,0.0
1073,8;22;28;6;17,14.80550337532029,1.6396602271029548,0.6406308575297271,0.6809801298105186,72.22078613355706,0,5.938681321801023,0.02653856258926024,0.25450923386304336,1,19.361148804981426,0.11,15.4,0.0,11.4,66.52286938787731,85.77022587438816,3.1433479828534995e-14
1085,20;8;29;6;10,6.978813711650387,0.8392802243282516,2.124649120714365,1.8542652753303435,70.35746565103155,5,7.348922414718436,0.2408688872483068,0.20459438588919954,14,106.5025846116304,0.03,4.0,0.0,0.0,6.639603338041283,94.15999854166172,0.0
594,25;30;7;19;21,16.728959420502115,9.812756387756524,2.7710515185855047,0.9492105081742248,4.480898924816512,5,3.4370877951427086,0.10001958873003063,0.2463424729405199,1,121.43834170040596,0.01,408.4,184.2,220.2,1875.9919952802295,45255.363116888395,1.3708076308022448e-09
1079,24;5;29;12;1,12.806255654614773,2.147537932541316,1.400818046136866,0.20443095180169318,35.15502255198809,5,2.2121377843846934,0.26539901125216125,0.13375846511011388,8,124.29063051593562,0.03,4.0,0.0,0.0,89.53035052887147,551.9295078679509,0.0
1080,8;25;12;7;11,11.247307609390404,9.202086784725994,2.7184480191754297,0.3271197402250115,0.2542991765007052,5,8.680511655995568,0.10194879556714774,0.01819012015152169,9,79.65666519299066,0.07,3.8,0.0,0.0,75.42774999758352,1751.1489648336178,0.0
745,18;8;27;14;9,14.175332547131546,5.01580062976627,2.3523004774159446,0.1856214779918554,64.16159617662939,1,2.2345013265967455,0.06975791952262103,0.19818838582193257,1,66.71197601871144,0.01,435.8,0.0,431.8,2308.044531364721,40121.72990446696,8.527532631592781e-11
1097,18;28;12;3;24,11.847186746162308,9.812846556207562,2.0960805725603597,0.09175555466933087,94.81764266671624,5,3.4394055427783723,0.1295544168269209,0.06283993756827874,13,133.10990042319483,0.07,4.0,0.0,0.0,79.40659070091064,1096.0298150167068,0.0
1096,7;18;28;17;1,18.710344067280495,1.6313972392537013,1.4494538422188024,1.6833427586096004,12.08040927398384,3,0.8045005840536446,0.06039850755180874,0.0957544808281463,2,3.291991258590534,0.09,4.0,0.0,0.0,0.0,0.0,0.0
1087,6;10;15;3;13,8.709793873925218,8.513259525668394,0.6831526130736105,1.1343666630196068,94.8739013010756,0,7.277397608603735,0.13115603015371294,0.030608850320006185,8,61.32804320271023,0.07,82.4,78.4,0.0,407.45565916778173,597.4006551286355,0.0
1069,26;10;2;25;27,5.336470591810327,8.302063810950827,0.009222386351576661,0.729308757907505,82.79340059123015,1,4.91358472169728,0.02581453343695702,0.0017090346177486726,5,48.78321596193701,0.09,54.25,0.0,50.25,126.91972271017315,0.0339129532692289,0.0
1102,6;26;12;11;13,5.534304572748924,0.701536420628065,1.6442351892797065,0.9717090595955814,2.0178576378923174,5,4.3918431243513085,0.05355303948355831,0.050430062676398414,6,37.67799720536405,0.05,3.8,0.0,0.0,0.0,0.0,0.0
663,20;11;6;24;4,3.7312092470609506,4.367168192740465,2.5300700560211955,1.906306675490504,47.07028587589402,5,2.4853092766247684,0.10061689567875615,0.0905330288179123,2,61.78069947142374,0.09,593.2,279.6,309.8,874.743708610803,17591.21326093428,7.014279414384352e-10
1063,8;30;13;23;4,11.164951677493255,6.040919395514765,1.126605077383127,0.0009272970312750938,93.90340144512297,6,5.10048416439322,0.1264370913251701,0.22073228857189323,5,64.84111866304745,0.05,54.6,0.0,50.8,270.4016421650357,1078.2081389893344,0.0
1101,17;1;9;16;26,15.43069808139255,9.835521628385264,1.098727403123096,1.5367619161305033,8.152745208482703,6,5.7717963768879805,0.0813299595705761,0.05920157051043867,5,20.38396083600014,0.03,49.6,10.4,35.2,260.5759819560016,988.2439591927526,0.0
959,5;3;18;20;11,19.035844301559106,6.57605261199495,1.896157033545154,1.553823380370575,92.22994717988854,2,2.9493910417015115,0.18735367007659406,0.19430702666009023,4,126.65622102990083,0.07,206.0,95.4,106.8,1499.2634784278403,16934.658267428775,5.853076185787047e-12
1100,27;24;15;10;9,6.738306274049652,0.977221274587522,0.7017065726641982,0.34665739398318507,32.450345516554094,3,6.871522299941606,0.23147385824699793,0.04803307862090128,12,88.93117060560813,0.11,4.0,0.0,0.0,16.491397977443295,25.51046846914848,0.0
533,14;2;13;26;7,10.865212873783953,4.794469260163171,0.5579012739962259,1.0030729715746995,0.3578815577321426,2,4.801403516251077,0.14466644382050553,0.2133436680532504,3,82.30318446881459,0.07,645.75,331.5,310.25,2572.8372484735464,2515.804523329808,0.0
1108,9;4;10;13;14,6.487232789847525,5.489820240258913,1.0486291421025038,0.5067900902193577,97.00314211688135,1,7.3794782247447195,0.11358255690049564,0.0697521653870525,13,135.92939130489424,0.07,4.0,0.0,0.0,45.0704929182587,155.6990727775002,0.0
963,13;20;10;19;16,4.918192539182257,3.5319401337047394,0.24681407003240718,0.07477892952398713,38.416246637803695,0,0.13408369115022145,0.13287639548804436,0.10901260192530893,0,132.35142938197657,0.11,149.8,0.0,145.8,354.7904484731195,67.8987250564771,0.0
757,14;4;10;6;30,10.796252884024915,9.82838904910258,0.8104157998876962,0.51052577074326,56.42595287177462,5,8.540250219737972,0.14766546089687357,0.06861238649638547,1,29.018703461219737,0.05,319.6,0.0,315.6,1601.2449591704985,3303.8737786838865,0.0
1084,13;4;25;23;30,7.573518288459533,2.9377987520526028,0.098214239703701,1.0355209403040198,29.88048791832497,4,3.554479524286765,0.2270872170528311,0.26768969651526553,14,79.40764378374745,0.05,26.4,22.6,0.0,124.86201658001384,3.783808386706787,0.0
1078,27;24;9;4;5,4.128686988703233,2.182139306290506,2.062444548922111,1.8291170537429233,68.34449710932212,5,8.430043757890807,0.002492849565558308,0.09445132869427562,1,45.27923717092055,0.03,30.8,6.8,20.0,81.10066024243736,1083.7742404225014,4.306028353176474e-14
1098,8;23;28;27;1,11.832239472577317,9.366733169440883,1.1315439224559665,0.06181846216273869,48.90778471545934,4,8.580121347080858,0.27833118979657084,0.03514752875296279,13,101.13235587031176,0.03,3.8,0.0,0.0,80.07382660411265,322.09448494447275,0.0
1103,8;1;18;21;2,5.750165808288864,7.4765568847753885,0.9628829111878023,0.7818212403456624,6.58892854163069,3,1.2872396851257886,0.25747812376956736,0.17146632829564043,4,40.5987078263664,0.07,131.5,0.0,127.5,301.9346113585164,879.44711960018,1.9540928603202128e-13
1077,13;20;9;2;29,3.0608074066571564,6.243988712137937,0.2754367787852415,0.13604649184321263,70.5864243823419,4,7.6435937178416635,0.14314543624839396,0.09220306630710463,5,11.48768906584472,0.03,17.5,0.0,13.5,39.94140422649202,9.519564119472175,0.0
1113,5;3;6;17;24,12.330334203748812,0.5692505659141467,2.640893865272184,1.3265142943392427,49.794429456564714,5,2.788525593636302,0.041587701706544467,0.061579550238073544,3,40.459076405652205,0.07,4.0,0.0,0.0,0.0,0.0,0.0
1089,13;23;26;17;27,18.45632162492352,3.8262038138789234,2.714687834209989,1.2336609242331025,62.96175199275762,5,8.5350377723782,0.08177641195857224,0.156505467395152,5,32.50097935274435,0.07,28.6,0.0,24.8,222.3802547210255,5148.561317075286,0.0
906,20;26;13;29;23,8.070080751481905,6.628844023722084,2.697059349156375,1.0034426528348985,80.12811235480255,1,7.528483760893658,0.06107691867767251,0.032413155255229316,8,122.33991774883634,0.05,236.0,232.2,0.0,873.5562978369653,19962.814826400117,1.9059410015953176e-10
1075,19;3;21;2;28,18.77923574706447,9.084238310475632,1.157651030221943,1.7788697401887088,97.82307513790612,4,4.021864183872086,0.18584753819540323,0.12970871803743,5,84.80760591392061,0.05,76.25,23.0,49.25,533.5551286821536,2246.386583838619,0.0
1094,6;26;13;3;25,6.135133241210466,8.685512621632313,2.1826967630728857,0.479665073667907,62.90588344027411,2,3.1586221358105657,0.20662827640636333,0.15251831905453317,6,49.99134809394612,0.07,25.8,0.0,21.8,73.05338901203922,1093.3949142745428,9.495151162079467e-13
1091,4;17;1;23;25,18.50248064086816,9.192888582973875,0.952386991218703,0.4271673267080967,13.260839954826132,2,0.12794305034139275,0.005783587185392225,0.24585532882678002,12,81.01726338429869,0.01,3.8,0.0,0.0,122.05628142062733,347.80587737779433,0.0
1048,22;2;15;18;20,4.2744976270083255,3.0045562623009836,1.1418944699948739,1.6320027152087062,48.901814851419225,2,0.27096222941713494,0.03516179086982869,0.19404268324986568,7,45.54734140520595,0.11,115.0,111.0,0.0,252.23349865637798,1033.2480065872617,1.8618120861417358e-13
1090,13;5;1;26;30,6.107565426295409,8.045227718277978,2.7315711643952394,0.23083012665556096,35.5332205147143,5,6.374511681764594,0.21436967238627558,0.08925649899155244,7,116.44891402307081,0.07,4.0,0.0,0.0,41.62001662232319,975.6120617517838,0.0
1105,7;5;25;9;30,6.711988133822649,7.383155625209387,1.1631992754172846,0.1856926418953889,0.600379045702204,3,4.2243778180590645,0.180304867199785,0.09867560386678087,10,105.00264907665118,0.03,4.0,0.0,0.0,46.25277525324689,196.6056140954344,0.0
1054,8;12;24;5;4,5.184824945161111,3.887310410517512,1.544793514920066,0.6506117418498459,58.151475493082515,4,6.647867852080035,0.019794939243120858,0.12329064851101026,3,55.9159784160964,0.07,66.4,0.0,62.4,194.07085735017168,1454.96006215008,4.940240564257759e-13
1106,3;15;7;6;12,16.678740939731444,8.605009265782574,1.9731953834469966,0.46946128427237577,84.22452460531366,2,0.050377425810708136,0.2603574421072471,0.1996525654145255,8,74.21301067675323,0.07,4.0,0.0,0.0,112.21466175606687,1372.5862968650406,0.0
1119,4;18;5;23;1,12.254916081828133,2.6536776536988316,0.18890086278108717,0.3786420191633824,71.48092586277194,1,5.818313661120123,0.18857095338332422,0.029626944389916143,8,3.8296490343606115,0.03,3.8,0.0,0.0,0.0,0.0,0.0
1109,22;27;1;28;12,0.6706285215629618,9.751438294193795,0.9399397116916813,1.9275744722761214,99.1614367131334,4,6.637546251227258,0.29210460169497576,0.09716854574934888,4,116.4945370413205,0.03,5.6,1.6,0.0,4.742275842382116,13.162448401067559,0.0
476,21;24;22;12;9,12.781119096568824,7.939381019930703,2.7011963108104315,1.1134511726834295,70.66169870249061,2,2.821843262991536,0.17482681052982266,0.10579691985066784,0,23.119185300597664,0.07,783.4,0.0,779.4,2776.748457560322,63650.04394036867,2.374656082543025e-09
1116,27;2;19;25;23,2.4706737962361887,1.8406695261388784,1.2852635421847178,0.7045937385083494,89.86095412463776,4,3.9176926274928716,0.29279088376408874,0.12041139025776157,10,123.47411232715012,0.11,3.75,0.0,0.0,17.288376411110676,89.71983358405683,0.0
1082,22;15;30;27;14,7.963550124190151,2.2948916544126763,1.2922018607383525,1.0454976362944706,33.34012383329241,3,5.144453046611731,0.05432066306543114,0.1605518459799878,10,68.31107203067576,0.07,57.8,53.8,0.0,242.55623754351473,1272.3981945896358,0.0
914,15;6;26;18;22,10.187749113182596,9.057761214644419,1.0062145533686235,1.3606934648809261,97.59113093094724,1,3.12891755488215,0.056970106785548424,0.13010582207761537,10,97.99876080363894,0.09,246.4,242.4,0.0,1054.7496135865626,3354.906619641796,0.0
1115,27;8;5;23;6,2.8325540480132174,9.793435126783056,0.2549509861722269,0.47463177666296236,80.62650641905245,1,6.279539881774498,0.17265774104456047,0.15957527863042084,5,134.03039082969238,0.03,9.8,0.0,6.0,27.040568090025694,5.52177970843489,0.0
1121,6;24;13;21;14,3.419481956404506,7.584618253543834,2.27444430876773,0.9994824116671964,73.95991856168791,6,5.094067534277148,0.10674175968493656,0.1288535433509685,13,110.7487847896405,0.05,8.0,4.0,0.0,26.813532459266355,435.76718170153856,0.0
1134,11;7;29;1;25,11.20722175471419,1.1409217585266496,0.3177513135973172,1.2508023448396854,51.49198315803298,3,5.125807556386755,0.08722893510497096,0.23121117308132566,7,25.82392271704267,0.03,3.8,0.0,0.0,2.7986795916016995,0.8877235941016768,0.0
1107,6;18;1;2;22,1.6291384846906767,9.22368089922037,1.9950157813545786,1.8041757789648285,3.105800631433009,2,6.048717630762625,0.04420275494488152,0.0935926226760723,2,12.396610422266942,0.09,23.5,14.25,5.25,27.115301013902684,339.0447108132082,7.207935705410878e-12
1132,15;9;26;29;4,14.683347860697369,1.4156688168428921,1.5636592574812378,1.725772351367651,79.67076146216661,1,2.616111833839753,0.2527706094471434,0.17660645071741027,7,31.25736386735475,0.03,4.0,0.0,0.0,11.749681735043378,90.25270276922242,0.0
1131,2;1;8;19;21,0.7593373719933905,8.08128821642964,0.557620199652697,1.244480481839487,77.677048988504,3,3.6486868480348944,0.12483551815322436,0.02238136411762579,2,0.8650922535646433,0.05,4.0,0.0,0.0,0.047459405322796806,0.04636061195498199,0.0
1129,9;4;2;11;27,3.0418373935405216,5.449565472033577,1.3834557748555893,0.2277215574060735,98.98887520138496,2,0.5753111162559301,0.13627242137507323,0.08334297927770935,9,20.41691914947846,0.05,3.75,0.0,0.0,21.16376389547855,127.2545564779564,0.0
1117,5;11;23;6;24,5.982692032228744,8.435907099892828,2.7989450487626977,0.686695310368744,40.847632587780524,5,0.9945855765250047,0.23481396097816157,0.10624980260534413,6,100.90666909865057,0.07,24.0,0.0,20.4,72.66993337687701,1788.5182620424398,8.613290697977614e-12
1130,1;2;7;6;24,7.282100212148148,9.341806399429554,2.61184031263898,0.6253654521472376,58.88085702160317,2,6.850036728497416,0.11719931346071433,0.08413684312209617,8,16.47488662640309,0.11,4.0,0.0,0.0,49.01283422496702,1050.3956898247216,0.0
980,4;21;15;24;16,11.945889866178934,2.6540389006606047,1.8601480891307078,1.6346229154740883,47.424621232996735,1,2.4963916847840113,0.0342262566250966,0.2729051932183128,8,64.02537723210197,0.07,149.0,145.0,0.0,1001.1127820344522,10882.481058943793,0.0
1015,30;15;1;22;20,18.27257038253303,2.8811032345954315,0.34410148936571394,1.9072394178277168,52.57549231292986,1,8.691488835784416,0.146787978006081,0.2189560331402198,12,116.03962083104226,0.09,124.4,120.4,0.0,1355.1877799925282,504.1066822444697,0.0
1138,1;15;21;11;27,16.48976199062077,3.1931841736330724,0.02318547507557329,1.9472694236017147,28.726030259293456,2,6.091397277093241,0.23656891831015797,0.1416749116011546,10,9.872843414342295,0.11,3.8,0.0,0.0,17.862197133371957,0.030165932088664322,0.0
1110,16;18;11;26;23,15.49742635846321,8.881099389055208,0.6309463673740776,0.8668837611565238,55.258541785379066,2,3.008902850975015,0.2794321738758136,0.05071643508558547,5,114.4268654383756,0.03,43.0,0.0,39.4,322.78155280143756,403.68579514346237,0.0
1133,26;21;30;9;20,11.849447543050639,7.629947625845327,0.14570189448317275,0.5480804698222407,23.528853501914483,5,6.308089347687985,0.20263490902262443,0.17369201227148345,11,91.0047294481933,0.09,4.0,0.0,0.0,81.27709273245297,5.420613354148943,0.0
1114,19;22;7;10;14,6.791868064363734,2.067502370932207,0.619449021723897,0.17961456362801317,30.657307934656018,3,5.844110771874127,0.18431857841501473,0.12595293688318668,5,108.04296069577913,0.11,42.6,0.0,38.6,138.3259554723727,166.74955909436258,0.0
1136,22;3;21;16;14,7.122539825478266,1.7405089034052201,0.30495953213936255,0.9383573402394287,17.341279671087573,6,7.219865715794013,0.21890610560492055,0.26839001973338883,13,110.22055007598999,0.11,4.0,0.0,0.0,49.817558788192436,14.555151827939287,0.0
1128,23;1;2;25;7,11.151882467633227,4.096512611167144,2.27041072841242,1.4896998094331584,70.40050222944907,3,8.41698075158228,0.09539713730194267,0.1619839770569287,12,54.65440000838217,0.05,26.0,22.25,0.0,204.7267579058462,3315.380220888441,0.0
1139,1;6;18;28;27,3.5522136360271057,8.467216773551133,0.2668891678664492,0.24957652860046314,12.725594028019938,1,2.6546189438424923,0.27875338735596067,0.11090480879004934,11,126.26311323753862,0.01,4.0,0.0,0.0,24.496191338118912,5.481637767326626,0.0
1137,3;23;29;12;27,17.883284491821676,3.421143346764539,0.8731200553877592,1.9812630999533793,2.6487181835955664,4,4.788328047575636,0.061752133749352366,0.01205340461262333,12,84.07899355671003,0.03,14.6,10.8,0.0,208.74749467008064,499.9413660834328,0.0
1151,16;12;7;3;21,0.12778643350374508,7.656183365350716,1.5961525506896317,1.0477400428762615,37.603913845064,1,0.14520085871134147,0.1316498872564286,0.20247521762611123,11,58.70324191650095,0.01,4.0,0.0,0.0,0.05098807578628639,0.40810065129137846,0.0
1146,16;23;19;6;18,8.929397971493893,6.522808482701069,1.0323357039864363,1.0910733637154197,20.033098656720828,2,1.64034755667428,0.2117815951213938,0.13767346187545773,8,5.224550659715092,0.05,3.8,0.0,0.0,54.981319311862784,184.08013552562335,0.0
933,2;6;28;21;15,9.224881507692666,6.86316789302516,1.4736847720168744,1.358385950485918,42.5517589296266,5,8.850337447969446,0.25108410994204483,0.257486446751579,1,53.06226250507829,0.01,374.25,224.25,146.0,1357.1144235889133,9259.24404004698,1.493320024396789e-11
1124,28;12;7;19;5,9.155367755711449,1.9636519988677825,2.634026127669795,1.1508880503107985,89.72813855351811,2,5.813781174135244,0.16779498402122014,0.1694980264665963,5,50.75243353853999,0.07,60.2,1.4,54.8,233.64134052295557,5092.601798986545,1.56018876206957e-13
1013,25;29;19;6;17,13.650995938222987,9.077805211941312,0.6242522534287916,0.16186250372532485,36.17485213859754,4,1.2809621648293847,0.025695780251631637,0.1804598352025695,2,139.31479598849623,0.07,143.6,0.0,139.6,855.2755500899326,1047.0710861531381,0.0
1111,5;8;20;6;4,8.917893079137373,3.993810933739157,1.2829674700992533,0.018520986897784277,33.20019758661995,5,8.25727015734558,0.1705848095003084,0.15555602786215647,13,87.92973141891557,0.11,4.0,0.0,0.0,62.11039196719533,321.17773605060586,0.0
1149,9;13;1;7;22,9.934809006071436,6.183600443300219,1.1752598382887396,0.19750253236809412,78.89773471280957,2,6.145669857489298,0.27906293011879074,0.046568102930045936,12,26.67405193111342,0.05,4.0,0.0,0.0,64.75304947117186,280.9816053028148,0.0
1147,29;7;28;1;12,5.6735778020506125,7.909158290456368,1.1569720398386965,0.7886247562390125,3.187100695870315,6,2.0514780357301206,0.2862373297173668,0.18977626756986746,10,106.33505921571647,0.01,4.0,0.0,0.0,39.05873729003754,164.25318477827463,0.0
869,5;29;26;27;7,6.941713268271332,7.723494804859895,2.411228346696364,0.574268883815877,39.79662580594111,1,3.879450538193358,0.13277667187677714,0.20805778999836044,3,80.87913196874666,0.07,188.0,0.0,184.0,527.3516206242424,9632.229883232554,2.564950195825801e-10
1095,10;24;6;29;21,16.447252696985412,7.357481613179653,2.7837055197192826,0.08196238716792449,12.093878774909383,4,4.2448365290936465,0.02646334941681708,0.24519579169942074,4,58.125878576079984,0.09,105.4,0.0,101.4,662.6719531229056,16132.253722083839,7.166426854066484e-12
990,24;3;20;23;15,17.5518974315341,5.889698039000861,1.1706407034066262,1.8888576063824822,32.2009028432335,5,0.3270344784054779,0.08591579153570628,0.23419640401108988,2,137.78274890888986,0.11,247.2,106.8,136.6,1717.937430763707,7396.128637991012,0.0
1122,10;30;11;29;4,16.550401468958672,2.4512520812333607,0.6502770380751883,1.2467465499756125,7.040456316927113,4,5.002041436955688,0.24643385036165455,0.2738869823305282,5,132.38768159532057,0.05,71.6,31.0,36.8,523.0314313971639,694.82350066763,0.0
1143,7;8;12;16;26,8.85624488482686,5.3066535508183845,2.03408833953488,1.9489335349335692,67.56649957589195,4,9.015456389904477,0.051277534990084195,0.24907536048217124,14,137.8669858506447,0.09,29.6,25.6,0.0,147.34960803328084,1915.3073621341712,8.728565016880591e-14
964,16;14;25;1;24,11.704346605261701,2.6384511691199286,0.5844704811303384,0.6860965203168582,15.662438850917448,1,5.329462852890268,0.004100111009281015,0.2640296422440768,2,98.73614479661182,0.07,206.4,0.0,202.4,1136.150883944668,1219.301328898206,0.0
1157,10;21;5;11;14,11.887087123801061,4.601474969343289,1.138780052194537,0.6380738827698595,86.0987073826731,4,7.855721994803877,0.045053372577614846,0.2635871521363714,5,5.640264949434388,0.07,10.0,0.0,6.2,36.76008900571136,149.76355105833858,0.0
1120,19;3;5;15;8,10.959536849762532,5.471446310630399,2.1162244088294804,0.6951014012325557,29.83332056400948,5,6.988385595838108,0.19523736095390515,0.11988392051033903,4,132.68637495593023,0.03,61.8,0.0,57.8,334.8825545018107,4711.572031714817,1.0672283384044365e-12
617,22;17;29;23;9,4.0400674927982205,4.966591549885797,2.532453058193069,0.10606229447560805,49.25471285170874,6,3.6402519991050317,0.0655860073673963,0.009541664858471365,1,131.0616711271992,0.01,177.6,0.0,173.8,404.895040717722,8157.839151860518,2.3769542627518743e-10
1003,19;4;10;28;16,16.024735748158275,1.9578008399169466,2.7239057278695586,0.14875423150895978,84.26662750314699,5,9.038997122185517,0.0308551763992554,0.004373752837544942,2,133.7727391692194,0.11,111.4,0.0,107.4,951.2089063989224,22172.25815883086,1.871146396773987e-12
1152,19;22;20;12;17,4.695078990017264,9.02515882957955,2.030347938033727,0.49310229910326053,91.85896874531232,3,0.3996506186577055,0.2446733845037094,0.181478184606893,6,102.18783987338708,0.03,24.6,0.0,20.6,54.85983438591707,710.4692770765192,1.8128535317787107e-13
1118,21;4;18;11;14,11.283699079287773,3.704139628852696,1.507773251071101,0.615632285251979,86.29207389990457,2,6.660526013630016,0.12729063631573054,0.24343138983577167,1,28.872451341349198,0.03,527.4,0.0,523.6,2585.807881636278,18467.929002153018,6.821233886179774e-12
1163,22;2;24;10;30,1.6690944763420625,9.93745533745614,1.060246731613202,0.9733897191433131,45.73788000887898,2,6.41231420486831,0.04278870015753262,0.1144314383505341,11,19.6235703301435,0.09,4.0,0.0,0.0,11.436771088022192,40.38937994790208,0.0
21,12;9;18;5;17,10.913995108411305,2.0953843462038577,0.26364296635552914,1.4865374311621022,9.460116571003486,1,7.091926479201114,0.01168939039476149,0.24041245782979093,3,84.7533997611795,0.05,813.8,527.2,282.6,3769.7439479316067,823.1786616970109,0.0
1051,1;30;16;18;24,9.856544981402935,5.332486233849469,2.60493866405088,1.2784819019232523,9.468974502689509,1,6.052167114407616,0.2296411919827875,0.17982301939682963,13,50.29128169478679,0.01,196.6,192.6,0.0,934.0302848402578,19911.58510403342,2.5306895235668644e-11
1036,19;13;5;25;8,6.801521131964879,1.3663997025532693,1.091373443307672,1.791198415785982,96.25903288278063,3,1.646287766513325,0.23975844628505344,0.03240760477226777,0,48.19359396999351,0.09,171.8,0.0,167.8,494.17424315210366,1849.169586905179,2.882540869674041e-13
1174,29;12;13;19;18,4.2373163569209344,0.7503937212106349,0.40886550130261085,0.09450392438677283,46.41126531351012,3,1.4353954385212533,0.056654997426212536,0.049068640683175326,12,35.23129727445594,0.09,4.0,0.0,0.0,0.21535483997782637,0.11310073962299243,0.0
1156,13;17;3;8;14,2.1000188386897287,3.895181388180905,0.87981018034138,1.5418737744307425,31.709395413898378,4,5.713855722119918,0.10193164695666675,0.28307908667970816,11,25.97078394622408,0.01,19.0,15.0,0.0,27.623567030281343,67.17498789261768,7.957354563796218e-15
1165,16;5;7;12;8,3.4843466724057968,8.368577706339503,0.3051459872548496,0.9420831455176858,99.71308400027984,3,5.582562335352654,0.13813686739335554,0.11749944445144678,9,97.60710667479825,0.01,4.0,0.0,0.0,24.03468522782107,7.0307820928549365,0.0
1099,29;22;30;18;5,4.5885661110099045,3.073665782276609,0.10161944923647986,0.6863483093129865,23.372704432152393,1,5.4973049585881455,0.10179299523086531,0.09915721688391924,2,45.04302418641744,0.01,93.6,0.0,89.6,238.49913914995665,7.737316494953868,0.0
1180,25;15;16;12;1,3.076739420541589,0.2897186382113959,2.2729032175684276,0.9283032984125192,31.845550119527864,1,5.524009358774769,0.025852536663408508,0.06966634943511633,12,12.599879326844404,0.05,4.0,0.0,0.0,0.0,0.0,0.0
1170,29;11;27;15;19,3.056242301854077,1.4772890398027716,2.0429746626858427,0.4880364917876898,85.2781669489662,5,6.536430871196916,0.042966932391958514,0.15719851810339178,9,82.1212724785483,0.11,3.8,0.0,0.0,21.369805813889148,280.2053411868651,0.0
1169,9;4;29;12;15,0.6429018146711276,1.8735831875190578,1.8391210463433965,0.8281288590619912,43.38620946891687,2,4.2376494373747144,0.23350090577023028,0.21042709929866485,1,138.0185113290942,0.11,4.0,0.0,0.0,3.884909893785436,41.28111810184974,3.0172904869272513e-13
1019,4;18;16;30;17,7.067528437572919,5.50482435916401,2.2440656448932477,0.980866775151731,52.52792689195598,4,6.570878743821629,0.18972026638920647,0.04948442682495312,3,44.676168709684696,0.05,249.2,135.2,110.0,710.1896369798503,11235.57537526044,7.240328620400337e-11
1171,2;7;19;14;13,16.91206202768034,8.427196432851492,0.41853318205133505,1.0725871238298077,72.33002181393432,4,2.8550082649017465,0.14239517535607074,0.29702625353889556,12,83.72007564212666,0.09,15.5,11.5,0.0,187.6035871355137,103.2406669635038,0.0
1123,29;11;14;7;15,1.8732704182983309,3.2480290871195594,0.7669842372847674,1.9635912129597706,46.745576823196124,6,2.018982582207275,0.18295762045033143,0.24146491152455743,3,92.98286364380797,0.09,92.6,36.4,52.4,86.5671751989241,159.98379556443152,1.7679858810714894e-12
1148,12;11;3;8;10,17.48809081573391,5.056672029932654,0.05642849404756207,0.48000694298181734,63.767957723089076,2,2.005025759292629,0.007125877931361057,0.019763034536602952,4,21.33973604791648,0.01,68.2,0.0,64.4,492.6684146395435,4.928349661604179,0.0
857,6;21;30;11;2,10.325618345179555,8.109726858878643,0.5589515762129015,1.3532493090466198,66.6337988685532,2,4.111005580249827,0.21397831822825325,0.2962048744679806,3,77.27501373746932,0.09,671.25,340.5,327.0,2501.0235894143834,2454.799527518827,0.0
1179,26;2;20;7;23,15.431767759983973,6.055371855206786,0.02722590349414031,1.7723954390616787,97.5424617082966,4,1.681201979040466,0.2958966504352114,0.23326174247580728,11,63.51166502405062,0.07,6.75,3.0,0.0,121.48198077182343,0.28289569510455614,0.0
1104,13;25;26;1;15,1.192171869027445,8.453617132737929,1.1717108201484736,1.9143506978467928,18.431215650658306,1,5.7686853733944154,0.17209813148625716,0.23202142838180365,13,105.8258321859845,0.11,76.0,72.0,0.0,58.29779376301339,251.44492415211374,5.4022568229437544e-12
1187,25;4;7;18;14,14.615610672506245,6.001905100103812,0.265360904402753,1.0855548793677878,58.42544640523799,4,8.925001635038461,0.11497059976985034,0.08665782272460304,13,1.3992030896167407,0.07,4.0,0.0,0.0,0.0,0.0,0.0
975,13;8;9;11;19,16.724674422589363,4.677981774856825,1.0497540387693451,0.9265797016938708,51.50541813365705,5,2.159041167963028,0.2064729646976516,0.12184728343433728,2,83.65336564642288,0.07,252.8,0.0,249.0,1877.3474686574227,6499.345771865694,0.0
1181,21;23;5;12;3,1.464271966085274,6.894634201861135,1.367043448232193,0.12693493467099953,90.8455989625349,2,2.967388515265279,0.13124669682907514,0.18088753939860133,7,30.07971502727955,0.05,3.8,0.0,0.0,10.164852264572811,59.67818127616607,0.0
1028,3;10;8;15;30,3.9626186241629324,7.501010131607433,1.0616164057125814,1.5949688960665591,27.827507523332006,1,0.6313625964980163,0.03937030891220967,0.038861257743629994,9,118.81816846660718,0.05,209.6,205.6,0.0,408.0939885132067,1444.925024558232,7.610914417503639e-12
1158,23;5;17;9;14,9.697243716844794,5.051784376521691,0.032819842496819525,1.7571739148496401,56.174140720669605,3,5.189865766824155,0.0881765718227945,0.28487350259182637,10,90.12745652958267,0.09,48.4,44.6,0.0,263.4190979466769,0.8913948404390727,0.0
1160,17;29;23;15;13,0.7062872156322939,6.520015034785246,1.8823790248307841,1.4188006851135717,6.247467062330214,3,0.8029717697207208,0.10077899179348782,0.13915104762900157,3,103.29750665972954,0.11,16.0,4.6,7.6,9.70300801652476,108.01160329396518,5.4787143203914855e-12
1177,4;18;5;17;26,16.09037697183822,6.313868814181989,2.1105042591636183,0.8327082737137608,61.198718333854764,1,5.423307354625936,0.06564881086264168,0.18100834400436566,12,66.5595317926409,0.11,4.0,0.0,0.0,107.218912760778,1500.3539899894154,0.0
1182,6;13;29;18;23,14.674193721881755,7.80769465808711,1.1316339132285291,0.9912830597135674,32.977296174214864,5,8.348392591997884,0.11105884418987345,0.1680402391015038,13,50.502024979844975,0.05,6.8,3.0,0.0,105.60102538979731,424.8444176319548,0.0
1194,18;26;16;27;9,18.883108430088335,0.6090261963115351,2.276964664368299,0.8937335307011721,19.199813805998943,1,6.7444046671672435,0.035302815918196895,0.16439119670128402,2,28.286539736218995,0.03,4.0,0.0,0.0,0.0,0.0,0.0
1195,16;28;22;2;25,9.248101045213803,0.7668918616058262,1.1863254578447995,0.5160650268422786,99.65810543210347,2,0.42896135622897963,0.03502222797352534,0.2188418711734037,1,103.96916684235826,0.05,4.25,0.0,0.25,2.8883884599444523,12.770655050529822,9.373238034672053e-14
1175,24;20;29;17;13,17.933938447817134,2.649417329997684,1.1685033333315862,0.3179848501848683,74.64068540089984,0,0.13804894988943953,0.26031591281668,0.25131956115963383,2,19.78615342151673,0.07,228.8,0.0,224.8,1571.308860330982,6740.17765040618,2.3712356098947257e-13
1197,23;19;1;15;8,4.224355197602175,0.05339252519160009,1.8292195633998127,1.6268448092307501,72.13605812743674,3,5.9858178834823645,0.21376267084072081,0.27326683605551466,3,96.75126627450811,0.01,3.8,0.0,0.0,0.0,0.0,0.0
1185,8;21;4;15;26,7.7888061933984565,4.996826306502005,2.6748318949233534,0.4869559551293603,98.68648254529079,0,0.16722675074485405,0.2154876604008267,0.16392372664146335,12,32.3592187694845,0.11,4.0,0.0,0.0,53.55461106723236,1203.7595028369649,0.0
915,2;4;25;17;8,11.076527934495644,4.4657840240963935,2.6077454351511435,1.8194693744926627,9.566441123910263,2,5.487009153507482,0.15204683985667744,0.22491915090938258,2,139.13565686319137,0.03,471.75,324.75,143.0,2025.474393222486,43272.00488188368,1.369135303699206e-10
1071,11;21;8;5;27,7.438318658852895,9.692905203964045,1.7146896670431766,1.8997972284562519,14.414247042218642,2,7.261189758324762,0.04520766419310605,0.058918402656393185,11,55.33235432501428,0.03,108.0,104.2,0.0,392.0489104759692,3621.2723234841933,9.275759099354425e-12
1188,17;26;27;20;10,4.529380190091417,5.595719616328183,0.03817916152881548,0.6109749861709411,79.33839513049519,4,0.14803166843088825,0.07502768004227836,0.1453089414448187,9,94.2206395308857,0.01,4.0,0.0,0.0,31.526030747799346,0.14436833251407064,0.0
1202,28;13;19;17;27,6.72876945169563,1.2173749423077795,0.8526250217697943,1.0029406533573064,95.58877724387519,3,3.6473806258972696,0.1123240477807861,0.29047460801417746,5,28.75635098574206,0.03,4.0,0.0,0.0,1.346321650926205,3.0747856809366296,0.0
1135,7;18;5;20;6,5.600392868072187,9.474614435455765,2.788131100047343,0.22241134062051324,72.18646947008054,2,9.193882900917057,0.1417491562788524,0.005261845295355572,2,52.37372783479034,0.07,57.2,0.0,53.2,200.19681271758685,4889.150578942936,6.622553489694007e-11
1190,18;15;3;23;11,1.3212152090137075,8.833867383082707,1.260411604402877,0.03402107928356211,50.9861035543873,4,6.1011885288156895,0.15516655055826978,0.10062554439750691,9,88.72360475032355,0.05,3.6,0.0,0.0,9.121176718251627,45.5224396404529,0.0
1196,2;17;29;4;28,15.546863915290634,9.443082802602468,1.5217946163120215,0.37066008437244563,67.45118651033982,2,3.0155217277409645,0.0629044439462304,0.026078871829730454,9,7.253561598299858,0.07,4.0,0.0,0.0,52.64539036714724,383.0207565280779,0.0
1205,8;12;15;19;10,0.7709940128646791,1.091077991932824,0.5451914274503314,1.3281419073800176,24.110656938118503,5,6.116479957045426,0.05462124238105285,0.19255337937200154,2,41.18720094448699,0.09,4.0,0.0,0.0,0.30699340508082396,0.28666650753250816,5.823149430231106e-15
1173,9;24;27;15;30,11.725254629748235,3.6872315668215827,1.831799804516831,0.5822381738984189,79.83443069119835,2,0.4070928042038364,0.028290994888204232,0.1777355113664996,8,15.848356302636057,0.07,4.0,0.0,0.0,63.65482398961793,671.0226982072688,0.0
1210,11;30;8;15;2,0.7214605118259908,0.08002193625180065,0.9442279567327928,0.24765607466163264,77.4560956134424,1,7.202356818546508,0.24546547103819533,0.1255691990894251,2,6.731901585485341,0.09,3.75,0.0,0.0,0.0,0.0,0.0
1172,29;23;26;24;17,3.470077527651653,8.286621444605993,1.790304265326413,1.8886748082005873,41.633770282562274,2,2.6562692938545474,0.14639856415764038,0.09998773443241538,13,10.052004106071639,0.11,3.8,0.0,0.0,23.848938533872627,240.1444862766828,0.0
1201,3;14;6;15;28,0.2912533458743715,5.3630927749854065,2.3094801387662076,0.9257140725761374,52.862917309836746,1,3.905997187207352,0.11746471154884615,0.09063203519758263,12,123.45993961172985,0.07,4.0,0.0,0.0,0.3635760918614551,6.092192998385967,2.806733307617085e-13
1192,15;9;28;7;21,7.822475523257704,2.2638030129025752,0.5986669097332996,0.8476380316036616,55.17906604422843,4,8.634819756987131,0.2155237547435015,0.015590545590965687,12,81.89226715975747,0.07,4.0,0.0,0.0,54.698471644205824,61.587925003021574,0.0
1204,12;3;4;8;17,17.022688855135918,7.607597314758115,1.2037680659021865,1.3325727859487004,17.85940098290211,2,1.8851435611828824,0.09970610097052872,0.12341764027560587,12,96.42925715090612,0.07,66.6,62.6,0.0,593.809442512696,2703.2275689007924,0.0
1214,8;15;10;25;14,13.006481699479606,0.45327296010545526,1.6246340312133882,0.077235192940122,36.54958079063253,0,4.0835579846428836,0.2267403069771619,0.11825697688058552,1,80.51728318281998,0.07,4.0,0.0,0.0,0.0,0.0,0.0
1220,19;17;26;22;25,10.062219743571953,8.803881999493452,0.7782757469055714,1.679575543743653,95.65729404010685,2,7.83438344196528,0.12535192738522558,0.18459740491834384,9,46.66749338287687,0.05,4.0,0.0,0.0,67.50654951777499,128.45847940551255,0.0
1007,17;1;23;11;29,18.286735022443608,4.995223797053189,1.05516234045355,0.3565011718637059,30.89038163532034,2,5.436769503255552,0.14897922134547392,0.2724090929973448,2,38.31768232042606,0.01,280.6,0.0,277.0,2173.4814022379846,7602.288841126419,0.0
1126,14;6;3;27;28,3.3266630066494267,3.0135538910505133,1.9530659480834909,1.799472558934263,23.707591304069275,2,7.927805072728018,0.2513895604574679,0.17185326727022535,5,75.33972001654178,0.07,132.8,124.2,4.6,216.31594885197563,2592.222225041539,1.0902283390133744e-11
911,4;15;24;26;19,16.139274417962532,2.6050111773081666,2.4327409573820358,0.5795504442661663,14.536298860843589,1,2.155291301110738,0.22629885485299311,0.18288414648110587,2,102.05816442920826,0.07,209.6,0.0,205.6,1561.267298395033,29028.117332042973,5.714888527854277e-13
1200,13;23;16;5;21,8.52066333622178,8.98903446341491,0.0933572035640751,0.10763170560515281,37.25790162907688,1,3.8715319788628038,0.21062438562893396,0.13269169840533557,12,31.401694578477148,0.11,3.8,0.0,0.0,55.717107766066235,1.5255769058352426,0.0
1193,28;17;6;20;22,2.3090748919274904,9.06486621331896,0.6084673606030255,0.1294337309553888,16.249360332591532,5,7.062673933864793,0.14855144664732642,0.07290409011792605,5,50.16116107513947,0.05,11.6,0.0,7.6,24.26014363454651,28.2174532416985,0.0
1222,1;5;11;10;17,3.9426585250638198,7.563263520661589,0.5795945626200167,0.4977218520494076,37.290130739023894,4,0.9006630711101595,0.03117159276920066,0.028618027893657846,6,31.095622581689632,0.09,25.8,0.0,22.0,49.48979165939609,52.22928774014374,0.0
1206,13;26;17;18;19,2.9402784013733845,8.01176779355388,1.8757143001185421,0.5676458101670647,26.93706951920283,3,5.665038826895975,0.2150540079019625,0.13417867769123976,10,74.4169518254889,0.03,4.0,0.0,0.0,20.232108596730733,223.6270830372054,0.0
1213,21;26;23;6;28,19.00561199598489,8.861049442874522,1.526840579700843,0.47599662779371915,87.48479156835002,0,8.773533976010338,0.05240172370296672,0.06115938267243792,13,9.236283969042178,0.11,3.8,0.0,0.0,56.43702491549273,413.33422976426635,0.0
1228,23;9;28;22;21,14.595004455687135,6.390051705125922,0.8036959778031445,1.9425671437723038,82.20837784232347,3,7.826148104775465,0.2084015945505501,0.0017102732150884646,7,4.941492439298145,0.09,3.8,0.0,0.0,53.69590448432474,108.9618892429693,0.0
1207,13;17;11;28;4,2.406040521725302,3.7552622642557845,0.39079158140962555,1.0184614633176112,72.23649232116583,6,7.119340500568784,0.22714059370204015,0.06023210511748406,11,39.760791747692096,0.05,4.2,0.4,0.0,17.054568772580005,8.182405799666094,0.0
1224,12;9;10;20;18,4.381626579427478,1.1861146366328568,0.6295177493004588,1.9828409187755638,47.035452240789496,6,4.379528146438121,0.1340566741052944,0.06604999724634558,6,3.8509920542586484,0.01,4.0,0.0,0.0,0.0,0.0,0.0
1176,28;11;7;19;4,13.835007337859691,5.9628796721735275,0.35835698452807874,1.935603855322011,91.14211085171105,3,8.673841618771029,0.22043659970507418,0.2804864796134738,6,107.14455757545004,0.07,71.0,35.8,31.4,433.2327113497913,174.78447740108112,0.0
1037,27;24;30;28;8,5.002426490923593,2.772067308357047,2.3213423025682984,1.1525731750068686,46.714259784342225,1,2.2083554321845056,0.0739270748621614,0.0912383438937575,12,93.89381357437242,0.03,249.2,245.2,0.0,608.6332179372714,10303.479130507734,5.330454762175533e-12
1064,16;28;15;3;22,3.7145979055666425,6.852995552715051,2.332805024021521,0.26894215836402424,83.03964781120705,4,4.407019971631806,0.28824050277682645,0.07808201363478294,1,133.14910358393615,0.07,47.2,0.0,43.2,112.90359022734795,1930.2542124355227,5.098242019683498e-11
1211,15;10;13;27;25,12.41773477787112,5.224944083604801,2.292224651857072,1.8203036951657046,42.50789355452722,1,2.673880122086017,0.2880655010630096,0.2351328950406251,13,19.358943792221474,0.09,4.0,0.0,0.0,62.19176454794642,1026.590189162905,0.0
1092,18;27;26;11;10,8.081862107471556,3.9312327788093446,1.4641334000053232,0.28083125100090167,14.397646431913834,2,3.230780451284944,0.28617207754880913,0.23086490830756823,3,60.27679171336,0.01,209.0,0.0,205.2,737.6857038683662,4968.010849274246,2.5171181973134687e-12
1208,22;17;26;2;20,0.8686272041833821,5.627844708074166,2.755777764041173,1.2207673779729589,56.91276127678853,3,6.9578052311480345,0.07143414591386657,0.034768784071578886,8,12.278827835153825,0.07,4.0,0.0,0.0,3.6187898337658044,86.33792709850788,1.061234089003618e-12
279,13;9;4;8;1,16.52684650297057,6.230754989865744,0.05534048757098988,1.961983619467481,41.04895688860394,1,6.868376877078993,0.139906607562772,0.04161192057498959,1,125.04980030879338,0.03,826.0,539.2,282.8,5017.259917929987,48.27279386931175,0.0
860,27;4;1;17;8,4.893443704406705,4.860781185423235,1.538573450561506,1.4010304446629287,27.550793596224754,3,3.081087159910795,0.08783785057106537,0.027742050109939218,2,11.706070216545521,0.07,442.6,0.0,438.6,883.1495408047947,6567.810115234555,1.3378559219650073e-10
1218,20;27;13;1;17,13.467030909502805,4.773229938698693,0.5724763299748005,0.5280710155284588,80.05834850042297,3,2.0966392702923016,0.16611960268410436,0.09081847846759225,14,90.59471014268786,0.07,4.0,0.0,0.0,93.63638460407955,96.40722426726964,0.0
1238,4;13;7;17;23,1.8680999991959473,0.6385685672958796,0.5108009908633494,0.8093202003867007,75.66836468212232,5,6.5549867912405695,0.15805872459005832,0.10096689901228875,13,104.98236417484347,0.07,3.8,0.0,0.0,0.12449535472592925,0.10204846623732797,0.0
1231,9;18;5;10;4,16.87341406321088,8.766732900368527,1.4402599492307453,0.17681053051639758,45.47671093383608,4,1.786555939569139,0.2416755957090278,0.13380817357287716,5,52.28089042032804,0.11,50.8,0.0,46.8,341.9005658592486,2228.0834884665155,0.0
1244,20;12;13;1;11,0.30897799621440863,5.679126995344353,0.3588796945429503,0.11044232689872308,66.16637010691629,6,0.07636091960579917,0.0406610308240537,0.180599743198372,12,59.65067780373056,0.01,3.8,0.0,0.0,0.33445959312526363,0.13532913409376973,0.0
1223,14;22;8;30;21,17.157594396512714,5.657850827024853,2.4910919238595604,0.8206897057770135,41.08106295182977,4,3.6728975312779113,0.10588063279526545,0.07624554845224397,10,57.26523069625767,0.01,4.0,0.0,0.0,100.5696847132774,1960.6337254700252,0.0
1225,6;25;16;26;15,2.999572772246691,4.956719097992743,1.993998691933312,0.7257205995424935,25.225989141717108,1,7.806424310731249,0.14982846121253215,0.2744396665303528,12,3.8352219061511272,0.03,4.0,0.0,0.0,4.932077878982821,61.60692559135828,0.0
1245,23;14;29;11;5,3.7730382776719025,6.697270542722852,2.6098178816183037,0.9737843446839005,93.91902304612901,1,1.5024162726614545,0.2581036056599704,0.18568267781054884,11,58.75298306035326,0.01,3.6,0.0,0.0,26.058734006207544,557.6010596880532,0.0
1248,27;14;1;5;18,7.769173327495822,0.3404863147568171,0.022199176911041806,1.4209696419294424,41.47253228383103,2,2.670319602070588,0.16104926350176135,0.11906993636544082,9,22.668642876862588,0.03,4.0,0.0,0.0,0.0,0.0,0.0
1168,4;30;5;27;15,11.247189612355957,6.335128301400198,0.0993118696532714,1.5285634865301674,38.269815516627894,5,4.713685089973081,0.17617308937133228,0.21289622529225807,4,15.711998441783958,0.09,111.8,0.0,107.8,486.5785845154361,15.076661334677638,0.0
1234,14;12;30;2;3,3.9817575296112877,3.397158981761091,0.858619001796038,0.7200829395482141,85.21392422749734,6,1.4252691299788982,0.11004531823032733,0.05257629302429264,9,46.315462681242366,0.03,4.0,0.0,0.0,27.812934863668556,64.41658278378365,0.0
829,15;28;24;12;20,13.210621527656283,5.0112704972285265,2.580633096105277,1.1199606641398805,73.60845761283059,1,2.6814431376294268,0.017493683003685635,0.25443908863972836,8,114.21421471721703,0.07,202.2,198.2,0.0,1254.485943890209,26246.30659240901,3.3769781932202486e-12
84,29;25;9;13;1,4.5096386401241935,9.27038565189348,1.0278105741591814,1.5914764941930561,87.60515547071522,1,0.31794392009103184,0.29373053732695437,0.2805863097770268,2,85.21043808342183,0.01,1613.4,782.0,827.4,2408.3874981815093,7992.863562419577,8.393793684804501e-10
1198,29;17;27;24;25,6.008673651020326,6.668838611517069,1.0478236005694481,1.8225721816842528,64.2360931229913,6,9.094446210944847,0.2860312969230393,0.05007511246774673,3,120.37251267542518,0.09,43.0,20.6,18.4,145.53776805345288,501.9979401297658,0.0
1235,30;25;16;24;28,10.58566196855771,4.143083001152452,0.12414946162436452,0.7131185740586208,73.69297535130549,5,0.1854118354640595,0.18930084804237776,0.2907252304412916,7,108.42572503002543,0.07,4.0,0.0,0.0,73.79576729665872,3.5733125654357694,0.0
1217,13;17;19;4;1,18.491540441110494,7.887853493404833,2.4473156518676795,0.9538024501780328,1.980042751203337,5,7.143505236368281,0.19025702747531675,0.2964720505197401,8,17.118340896732708,0.01,4.0,0.0,0.0,60.239351093662,1133.4702692536996,0.0
1219,10;26;21;6;3,1.0638432353551703,4.540710791553226,0.06997263095804862,1.128927822524349,78.04706341439258,3,1.382672538874069,0.03929713268691027,0.0150234257158935,5,40.31146167649228,0.07,27.2,0.2,23.0,16.813500875718095,0.25862138356698094,0.0
1253,15;5;29;23;28,13.791371579774266,6.046316106016488,1.2240382978058706,0.46031952958778494,33.27339889138481,2,6.188484559618004,0.18872490357278018,0.23660937111570204,12,114.6339794244182,0.01,3.8,0.0,0.0,95.24943802397806,448.334652231378,0.0
1251,26;11;20;1;9,9.965798826513025,1.1772928120344195,2.5909717172973856,0.1631407545212407,67.03743288982376,5,5.901611505368875,0.19672793024048973,0.120704727519237,2,8.239310928345096,0.01,3.8,0.0,0.0,0.0,0.0,0.0
1239,14;16;26;15;24,0.28680158108328047,7.383631006896851,2.5693183159515462,0.5722157208142149,74.24395092664344,5,5.194627878637594,0.04629333335185234,0.16411364299905357,10,84.10469649113395,0.03,4.0,0.0,0.0,0.3146712036305458,6.52593433839444,3.185441954608297e-13
407,2;15;11;25;5,14.203066463094059,2.947792359497168,0.24838390463763343,1.0562767153128898,48.449923387219314,1,4.518165090430023,0.17152434507521266,0.07750268049518551,0,77.05971646170057,0.09,1762.75,856.75,902.25,10074.90176095779,1952.709291482146,0.0
1237,12;24;23;29;5,12.251505619363206,3.953449245313613,1.5011254948558825,0.35503464293716197,82.94611486360218,3,8.557553669549728,0.23472247271099791,0.02433759578813619,6,31.474899514614787,0.07,18.8,0.0,15.0,109.62209157547534,776.0361613940312,0.0
1241,22;11;17;15;18,4.43537030455548,1.7721795473873503,2.30672262925776,0.21354280793227634,52.814381210345374,5,8.092029645323548,0.05745363639075448,0.23367798926285102,9,49.412214894836914,0.07,3.8,0.0,0.0,30.99895936717835,518.188463262816,0.0
168,20;10;13;15;8,11.136732072725334,1.9228181545866152,1.555823186311783,1.358945749500324,54.2667211963726,3,5.693209594139411,0.2514707667802107,0.29761288795978486,1,49.05523951064359,0.09,983.8,391.6,588.2,4264.226566795496,32427.287584941096,2.1366186862872126e-12
1258,28;19;4;20;17,18.9167386482798,9.279760829703964,0.12108141453020303,0.7376169848634185,21.316616720301763,6,0.9252719236442215,0.2659038650147166,0.21294141634926303,9,12.50790861935636,0.11,4.0,0.0,0.0,62.55653446371717,2.881227332750936,0.0
1155,8;15;18;16;9,13.459129128456754,7.5884338086017,2.4835075827189215,1.250547804542517,78.12378737346872,5,1.2328220828757435,0.012610412372979673,0.25955155341268443,4,99.52783928408164,0.05,165.6,67.0,94.6,767.1528892960746,14864.92691898019,5.451572312576921e-11
1243,12;14;20;10;4,9.98800593324051,9.984018922061122,2.6594692823778017,0.2772042757607623,99.14968722375495,2,0.3619320939591867,0.08740741000028297,0.11774544231225491,10,82.41309714220507,0.01,4.0,0.0,0.0,66.58212056710684,1479.4403263531226,0.0
1215,29;11;14;18;17,4.01660607073787,7.880015241880685,2.7447000218187987,1.313599750993634,28.740494699288078,4,6.5030244324588935,0.29953100346077716,0.07480052719373252,11,10.13633997293443,0.05,3.8,0.0,0.0,27.498720967893625,650.8068845104017,0.0
78,17;1;8;2;16,11.847953852082924,9.176034304265048,1.3009898546130014,1.9841306131634124,81.75151464633034,1,4.965303374710923,0.11040992510241626,0.13343583039243676,2,59.88905319407382,0.01,1438.75,675.0,759.75,4457.852688247915,23704.096436276704,7.888482416262301e-10
1162,5;15;27;13;7,18.903873096966823,2.1232138465472983,2.395507272678894,1.3480435447274728,74.3745287774569,1,0.9444301278624203,0.2002622508062911,0.04542714160189208,7,98.8453601124747,0.09,86.6,82.6,0.0,1022.7569057269642,18438.147320529475,0.0
1265,7;23;11;5;10,8.956662050781818,6.028488109253891,1.9506849849457015,0.889316740478126,98.95388543412494,1,7.7288902440309455,0.12751369947393085,0.2497680052572858,13,97.44457923448098,0.01,3.6,0.0,0.0,61.867824450350156,739.5865412292953,0.0
1229,19;8;14;12;18,4.546899680772137,4.212963263520059,0.3682028779946116,0.9995653600924559,82.2645387694636,4,9.091310165523689,0.10274264684919829,0.060851024720505104,10,110.07870435880483,0.03,31.2,27.2,0.0,79.79970873656603,33.987994276117476,0.0
1250,23;21;28;26;2,15.530248613024657,8.789848532335325,1.7464023720434598,0.7907999082663708,47.748837281706656,4,8.642908847501218,0.2459214869810182,0.06443367217898402,7,51.879416009039545,0.09,3.75,0.0,0.0,93.0701280635715,891.7616862814453,0.0
1191,11;2;13;14;23,12.872839489903356,8.519115119060706,0.006385845394021583,0.9770784164548308,32.4756799298522,3,4.2961408738410025,0.2957263369861174,0.2980197133513794,4,80.10193843134404,0.01,121.75,34.0,84.25,657.851140461717,0.08427801616255771,0.0
1270,11;10;15;7;23,1.7115559349347362,0.16390426818390758,0.7587420922225254,1.8855108919095664,79.30635025134998,4,3.9996875433049457,0.25408015852966204,0.014566804999851345,10,54.2706669750573,0.01,3.6,0.0,0.0,0.0,0.0,0.0
1164,7;5;14;3;26,15.79944778875896,7.74831518245044,0.20196105045120516,0.9262894541782808,46.52301107592529,0,2.2487029747478484,0.2902602714571509,0.05503687065947422,4,13.200278807911632,0.01,78.8,0.0,74.8,465.2795920777068,59.62098113487684,0.0
958,26;2;13;6;29,5.898981869569642,9.291585768092048,2.265194109997595,0.22928745330289177,58.04584633356885,2,4.813796948917973,0.2245070616732025,0.14555235600505387,1,41.28716417588268,0.05,289.25,0.0,285.25,799.3800210296688,12885.87783795901,7.954100782413946e-10
1233,14;24;9;26;8,5.050253422486837,7.233196814002115,1.3729732088015025,1.7742841204734154,32.42758782179691,4,3.7641492439044004,0.2652549873149511,0.14866354374213928,9,39.77155893987876,0.05,31.4,27.4,0.0,87.73677101596309,519.5838520136097,1.1262609629369267e-14
1273,19;5;16;1;6,17.209576346962674,0.35676514635088474,1.9913969308723167,0.8143156971573876,10.229818727113871,2,4.794596760021089,0.14815725733205515,0.031099256782186144,12,0.08001977973305374,0.07,4.0,0.0,0.0,0.0,0.0,0.0
714,25;11;27;13;7,15.191233668372936,2.0063543207072176,0.8342938852003594,1.420197642078563,21.35332021589481,1,1.697328350730073,0.25326054191181885,0.26763946957390483,2,136.96689578049705,0.09,808.4,452.2,352.4,5204.479190865306,11380.602906780225,9.085408574669221e-13
1266,27;7;13;25;17,0.2782170311061207,8.059251567841471,0.4722342171921909,0.7982403156891555,47.437716271376814,1,6.735186189399904,0.04028282387314031,0.1890273887408749,12,33.01456008360917,0.07,4.0,0.0,0.0,0.19461925545791553,0.13634856875594603,0.0
1264,11;17;6;15;13,8.914181832321361,5.404083630267512,1.9996926079904047,0.7202032622461864,22.18772666246768,3,2.439413728961788,0.1999469234806969,0.2517036799245473,9,132.55219387434744,0.07,3.8,0.0,0.0,61.74046978571671,775.6151523545217,0.0
1278,17;10;13;7;1,8.406862277707328,0.7241630997894855,0.9702099372129686,1.7444942431320913,27.644075397301048,3,1.5226229329054919,0.2528161881027391,0.1273081354972116,4,24.342386080021726,0.05,4.0,0.0,0.0,0.0,0.0,0.0
1271,8;7;9;18;30,1.2871900288989397,7.657056549010481,2.516347558207633,1.1220638411934232,86.68647774542858,6,3.6180658312847602,0.2908735868600988,0.17478394996382476,2,69.80114279364982,0.11,16.2,7.0,5.2,14.967481360074704,297.74182778301963,5.2038502385051985e-12
1227,19;12;8;7;3,10.573356304993688,6.738730495843789,0.34055237140711947,0.7619265689930506,52.546049842659734,3,0.46600943739465944,0.10175962137961234,0.03833748707579528,5,103.28262242361497,0.09,51.0,0.0,47.0,238.5878624432916,86.92927079258007,0.0
1261,11;10;9;27;2,6.333170897917489,6.135588122995182,1.0910098651127254,1.8170876537102356,10.46565242226476,5,2.7654729616342077,0.28944748422195454,0.20007619704516208,12,6.826093411449438,0.11,5.25,1.5,0.0,48.27211446758344,180.51094945258967,0.0
1277,19;28;7;2;8,15.280530640310023,1.2258990959199123,0.8728273284782702,0.850515294536832,51.76608242898724,5,3.2544277128013666,0.07846940062802867,0.11658816513056874,10,33.2230440989001,0.07,4.0,0.0,0.0,6.707906558304641,16.05438036794968,0.0
1127,5;20;24;23;3,1.1596626441399103,7.240228187282849,0.12761060025498033,1.671728076170702,24.34176953433048,1,6.722411111345557,0.24685774602171276,0.032712643918685676,5,79.36095981395286,0.09,75.2,71.4,0.0,60.16979265892396,3.0782358419821074,0.0
1280,1;10;7;18;3,4.449295849816187,1.206290409960753,1.4751677059441646,1.0567335293453055,57.37275062775369,3,6.631749902699753,0.00044053985784284764,0.1582898136332781,3,17.676629573392717,0.05,4.0,0.0,0.0,0.4469747620978888,3.0557348500202,0.0
1263,9;1;22;26;13,12.961816240038099,6.707494910732699,1.5400671444095906,0.13837924362534962,68.08057212581924,5,8.362549069115833,0.25710643294136043,0.16133367815707758,13,76.51734875735306,0.07,4.0,0.0,0.0,88.99078094674998,663.0926319758044,0.0
1184,18;16;26;6;1,12.768599631692028,5.434416794846157,1.3876735032556005,0.9099430056101379,30.804587432848496,3,0.12350424828172621,0.28690005071152147,0.10204879227936228,4,64.21603111134033,0.01,114.0,0.0,110.0,597.5222156329661,3614.752119890699,5.802386067139255e-14
1154,11;25;18;2;28,11.122774397181455,6.506625481533942,0.8337812509031863,1.372348633847541,91.77497759138255,1,8.239104029879213,0.2899992085186239,0.060793258112550284,12,92.9677237522276,0.07,186.0,182.25,0.0,1053.6614348051644,2301.2044615374043,0.0
1285,28;3;6;5;2,10.120346002708331,0.8970965249640162,2.3737988050766092,1.2250201335319433,36.56040059188045,2,4.093070384270834,0.17632235786572062,0.27747257104575485,5,68.90548744852627,0.01,4.0,0.0,0.0,4.429465401822014,78.4131679936217,0.0
1267,7;8;11;20;25,4.641436356165709,2.993029190286638,2.4068349395087205,0.058226267386060244,18.34768440540584,6,3.385781574280215,0.1322287380931554,0.12730326525928684,13,125.43943388820156,0.03,3.8,0.0,0.0,32.40964698702483,589.8163241049202,3.289932916816797e-14
1257,30;27;10;12;21,2.3839892737403856,5.16046026472212,2.4664539605848086,0.7323997359272739,3.428976810697504,2,5.7627314273560835,0.12302403034569745,0.05673562564944953,6,14.584219766602667,0.07,19.0,0.0,15.0,25.38326287533955,485.11348439870636,1.3910247164174326e-12
1242,26;22;13;20;9,7.213302447340154,1.2941445465552703,2.0279429604563823,1.4913645969762515,75.48833455346161,6,7.97453012684073,0.10490257767196011,0.295659671115949,1,54.97290634241772,0.11,29.2,1.2,24.0,115.27198909137644,1489.3100870717337,4.271933436069873e-13
1153,16;29;5;4;8,17.305965816801915,8.551936348118808,1.049716199656641,1.401848762375347,38.47083418568937,4,2.9863625968938554,0.020558534281180985,0.2892301856527681,3,24.614426679160996,0.11,205.0,46.6,154.4,1158.3130538749488,4009.771478491571,0.0
1249,18;7;4;6;22,15.288031482290933,1.5041859355642784,2.549207429117357,1.2294837277298618,69.29662630299966,1,3.938069023795764,0.26864356484898355,0.16493334182440225,1,47.30841096240104,0.11,258.8,14.6,240.2,1613.8956565147885,32948.502165072496,5.4354600124856766e-12
1047,21;20;14;12;29,11.671882434029465,8.776492260756644,0.4651162183406661,1.0155993800837029,57.45643983157922,3,8.255178007952695,0.21778045879378974,0.2657569063950792,0,130.59372867668395,0.05,332.6,243.6,85.0,1514.4320767065158,1029.2541793687135,0.0
1275,8;20;13;28;19,13.426319767096194,7.313174464966059,1.771947962836094,0.9333365114031059,60.91702749534834,2,3.9504901880597822,0.12564862994988646,0.044883695729617056,14,87.57723992476733,0.01,4.0,0.0,0.0,91.74138213301491,904.9343607212755,0.0
1279,10;14;5;4;18,17.303376382379483,4.02064777292631,1.3307416071985358,0.900442703538606,40.65827199146096,4,5.442784339504026,0.19492398683835777,0.09602663585022726,10,56.45334905592927,0.11,4.0,0.0,0.0,97.25999603655676,541.0925966587055,0.0
1283,16;19;17;13;24,10.37079813558717,5.010650334740973,2.121230842453528,0.42901194457806857,6.341474026493343,5,6.704572546191195,0.046182753162471245,0.10285167651671288,7,22.58084633238103,0.05,4.0,0.0,0.0,64.20211077846518,907.5593711175786,0.0
810,28;2;25;15;20,6.48906995170623,9.076680220971381,2.5892820154325875,0.08562031687008635,50.25466048294041,6,0.21293508359438273,0.053395245421058425,0.20619190890538752,0,45.68563759922729,0.11,644.0,0.0,640.0,1407.6806356765583,29649.182189705287,2.7216620413877777e-09
1282,21;3;16;10;1,2.288192512164787,9.500451339439076,0.5760423147294617,1.8196745551890674,91.59029061395326,2,4.829037600851498,0.19670078520268108,0.07588153147104218,13,90.32169353548878,0.09,116.8,112.8,0.0,131.29942740063368,136.8741636623991,0.0
1287,18;29;11;24;3,10.562270280490463,7.400343474241209,0.35851194810002773,0.7157478239162195,10.314474800356288,5,0.289340781598641,0.121371380279893,0.23426234889604258,12,38.73856732069221,0.05,3.8,0.0,0.0,68.17547291243909,27.528674440849397,0.0
1289,22;5;9;1;16,0.47754802581881334,5.997175219822347,2.66501604522939,0.40775600735921563,52.20611017022064,0,3.9516117806408646,0.15990692746240623,0.28933135738004623,6,61.30256735607615,0.11,4.0,0.0,0.0,1.567360486801578,34.97183518108015,4.987419335516994e-13
1301,9;21;8;19;23,0.47872170693611893,1.6735719632778467,2.6735258203726624,1.7878722631896464,42.76045569952952,3,3.618083956430314,0.06238639601586729,0.27939430896418116,11,23.02887770849741,0.05,3.8,0.0,0.0,0.08012551313143897,1.7992415099371377,5.888514400742954e-14
1216,21;24;22;30;28,7.465403844127082,6.797063785545339,0.6447798269883485,0.5144690999818929,94.62407695439425,1,8.173066109606836,0.18622324733600834,0.14935375159341366,3,32.466556182322726,0.07,75.0,0.0,71.0,293.79731265018086,383.72542384196674,0.0
1292,7;24;29;14;28,18.016969239566414,8.171916162355371,2.258708524126132,1.3412310584460596,55.845093816751415,0,4.80531324173344,0.2890705121913809,0.09363238100917094,14,13.772661486374124,0.11,4.0,0.0,0.0,59.618060837071006,955.5383023671969,0.0
1291,27;12;21;10;28,4.052468837005839,2.932872106551886,1.997145493161005,0.19366462556121486,68.13007836221729,3,5.868589880270809,0.1822243305041584,0.02107059090674328,11,16.513858645137248,0.01,4.0,0.0,0.0,22.245518978275566,278.74804107960864,0.0
1304,23;1;19;24;7,6.0328377751373665,2.3537398084151717,2.3952226057939567,0.5484859739827046,15.699778460840852,3,5.196072904559078,0.16798225662291505,0.17074322048622406,6,28.768145210533728,0.09,25.6,0.0,21.8,76.1355921461056,1372.2377615789694,4.232322683464989e-14
1293,10;8;16;13;24,7.193917653964495,9.166146609398654,2.5688882565528353,0.29216017616152073,62.56740769529409,2,4.52156426394617,0.2957932012184226,0.29232615212346563,12,41.05794254720113,0.07,4.0,0.0,0.0,48.22417835026693,999.7815921631664,0.0
1262,19;1;9;4;7,4.827855787428032,6.461318840504516,1.149258460341676,0.855691420659538,90.50531248214094,0,4.302703052060305,0.2615663759489589,0.21762282908791317,5,122.21628530947454,0.11,44.8,0.0,40.8,101.59195702199725,421.5456559143187,9.967513864617485e-14
1311,17;15;2;30;11,17.8326735204201,7.628427198283621,0.2901346109241225,0.18012103618854472,18.411244599846043,5,0.002761816499617575,0.005791885357120152,0.17112247618243673,13,99.46478203000922,0.07,3.75,0.0,0.0,122.04738022796114,32.27582963264021,0.0
905,27;20;17;29;5,14.797589643677913,2.990272873288432,0.6616133571359241,0.16299760756566228,97.24997114573591,2,7.089670569918684,0.16287289898687565,0.07303160156026622,0,47.80222094824324,0.11,460.0,0.0,456.0,2880.0845542065936,3960.624227282003,0.0
1309,12;18;6;20;7,16.897076634625982,1.7936927620063814,0.769072884038146,1.1399491489716225,0.8743434218429713,1,8.528357073852865,0.041436120333404144,0.20703371939194895,12,11.346119879208231,0.03,4.2,0.2,0.0,10.983649007098526,20.409460152186234,0.0
1294,24;19;29;25;3,7.995171249631207,8.25959221783147,1.9926708212691886,0.16654229442280435,54.695303192024525,1,2.6020326123798148,0.07874628643254387,0.0871112373416474,6,49.56088793025951,0.03,27.6,0.0,23.6,98.57924278693585,1229.720671418504,0.0
1186,12;15;25;9;4,18.224594541685416,2.8035384544501776,0.5973824956617328,0.0991796164713909,70.84948132384761,1,6.57342503218944,0.11444289130518692,0.2596454717089167,3,111.77716450863954,0.05,112.8,0.0,108.8,987.759381918055,1107.4038315939313,0.0
1252,19;10;11;12;17,17.409018329537307,9.864041045923528,1.1288753470598045,1.5559168449556862,54.91746603386291,5,7.340789945541517,0.1195650591885286,0.12252400164813734,8,99.6236699890761,0.07,11.6,7.8,0.0,160.7218052892154,643.4527365468527,0.0
1316,2;8;25;6;3,1.2107244476361152,0.7982335995077938,1.0251896241165555,0.9264742639688214,63.29145325458554,6,7.38955068355233,0.05066381198568509,0.15929472145344317,11,25.171485240718567,0.11,4.0,0.0,0.0,0.15474407573595184,0.5109428288950405,0.0
1067,16;14;4;18;11,12.399006728535786,7.231745295576059,1.5998498317576182,1.4338656600679887,92.62877571783599,4,7.249326211639449,0.22890867076536306,0.2977039760640943,2,105.91819416063252,0.07,373.4,228.6,141.0,1783.3135661098154,14339.56662035932,4.7789424545286534e-11
1140,29;7;14;22;23,10.382928569074778,6.5978141855935615,1.8290244603748578,0.12189931420117826,62.502453066531935,1,8.975458301021582,0.052235631171076914,0.2461829476012026,2,63.215902111780096,0.07,169.2,0.0,165.4,957.1872792440652,10059.718268591703,1.2946676575700339e-11
1306,15;18;19;22;17,12.241669573471091,2.1301288407571684,1.1075387842422657,0.8672998336816389,75.63857371083861,6,1.5018506010319432,0.12791199884441987,0.2596069133178332,11,100.16584940168408,0.03,4.0,0.0,0.0,85.58596498522485,329.8149300169548,0.0
1300,5;25;30;16;26,17.981273859534088,9.676703290726104,1.139549746936948,0.5330737716437443,3.9162531120514044,5,2.811532670958674,0.07160917075004034,0.1887080322080038,5,23.065168362698664,0.01,28.6,0.0,24.6,189.22460644768938,771.9586916407945,0.0
1307,30;14;22;29;9,16.786218521607708,5.626616498940309,0.8377308072292876,0.32129366946032684,53.38448191010286,2,3.574612995558191,0.027602589267511322,0.08093120746215483,10,96.9924667087805,0.03,4.0,0.0,0.0,116.16115146791849,256.1060008485158,0.0
1314,27;2;7;25;21,13.215252836226915,3.039593996904558,2.6050198817164527,0.41000005083017704,85.87554666839642,5,0.45137426649038953,0.20977476048050928,0.28159325836582016,0,10.808571936266562,0.05,99.75,0.0,95.75,464.2591967440986,9897.65867232593,5.352409985590721e-13
1297,21;20;25;18;27,2.744693552979693,8.429993456479991,0.4511737982034191,1.5511456877763714,39.27585647355165,4,7.798470618997138,0.21378785394933938,0.27439422138022573,9,125.7480142966422,0.07,30.6,26.6,0.0,46.95744178992262,30.029081031234664,0.0
1059,4;25;20;13;9,1.6281135828494522,3.868660974006657,2.415130731249861,1.1606440654151169,54.963371372267765,1,2.0613261549419843,0.15088925982842324,0.10152366410051623,2,122.84712998482388,0.11,243.4,205.0,34.4,206.6128710551447,3786.0690782636943,2.881753689669969e-10
1145,29;25;23;12;24,9.28827750424069,1.5497673739625173,2.0601135280807115,1.1955909673553888,31.6093905110962,1,3.052051192369208,0.041582808830440285,0.16665803654336633,9,136.1612809900438,0.07,217.6,213.8,0.0,1067.634611105805,14234.913261999312,1.7653371427812843e-13
1302,24;16;19;5;8,6.419485223278859,4.392731386555919,0.018275274946942765,0.22979753915600676,10.622358875628136,4,3.209043001517872,0.16980158165711148,0.12829040169305111,6,27.078334041563757,0.07,28.0,0.0,24.0,82.87175427082676,0.08695293466864278,0.0
1298,10;19;13;28;22,11.29890009644437,9.704009607641865,1.2947999727296373,1.3401491484196526,13.059684340311861,1,5.795339770065827,0.11990697285862738,0.12454492640532858,12,109.92529241788979,0.07,227.4,223.4,0.0,1079.7005474639286,5686.6769498395115,9.830299379976564e-13
1268,16;14;10;15;4,17.02368769182746,7.600418144675447,1.4351725987758268,1.231013782111978,7.889162212051537,5,8.265027034497942,0.034390958868794806,0.09643071352748174,7,93.97206891500727,0.11,10.6,6.6,0.0,151.13501235488485,977.9648067547165,0.0
1331,15;16;6;3;9,18.88431585395375,0.05128496646254366,0.6336911725108736,1.80250141696256,51.317735472594215,3,7.258897795863406,0.015215098092575352,0.015199363519011777,12,112.66411998045015,0.03,4.0,0.0,0.0,0.0,0.0,0.0
1288,28;5;18;11;14,11.523193555758077,1.4917355617352335,0.3424187967171584,1.958825476004778,96.5678115752779,4,0.32801670855930226,0.07014661355348019,0.061557473855753025,10,90.4755522281,0.11,17.8,14.0,0.0,152.02532838024774,55.999096034304976,0.0
1144,18;3;10;25;26,3.643130871848375,7.174084580050945,1.0929614530286225,1.1164708511558015,37.32767576595645,0,1.6857168866002543,0.06664890845442396,0.02758833779184754,13,124.77369080336871,0.03,213.8,209.8,0.0,383.51100977479757,1439.253848914362,1.4733915201478894e-11
1333,5;21;10;23;18,11.438675981227219,8.385152301698762,1.8104945945992081,0.222983208364355,14.629097806403134,1,4.05501436689355,0.25454702482427116,0.15096850525104502,12,20.096694248565473,0.05,3.8,0.0,0.0,63.15218877284927,650.3284371624871,0.0
1317,25;18;15;21;29,7.005630477244532,1.31794067328172,0.7994751372338041,1.624734487886224,9.493003159161152,6,3.232812449527895,0.09657014962318633,0.014185107330016477,10,72.38690523917293,0.09,6.0,2.0,0.0,44.41164993503061,89.17778991725666,0.0
1324,6;15;11;18;27,9.350517201230838,1.0462020896943591,1.6873627876353954,1.0884007712919113,37.83870405623918,4,7.868385642039076,0.015460370580467973,0.14707810133289437,11,46.90553130891435,0.11,3.8,0.0,0.0,14.48499218862113,129.5642162553766,0.0
1336,22;1;27;3;20,6.692110462437776,7.773181639812087,2.4577415474054747,0.5179872116987727,18.417156977643746,1,2.4437954258829206,0.2580708649588555,0.1685470786498518,9,29.768517600953526,0.03,4.0,0.0,0.0,45.66718530610669,866.6156742543978,0.0
1339,2;25;5;12;17,19.076333642066565,6.942512852023546,0.4782508417070272,0.587469590691756,64.6143892055883,0,0.033828306940821125,0.003406753231356785,0.0905414187943791,13,57.233675748268205,0.03,4.0,0.0,0.0,113.84853572324687,81.80668757312861,0.0
910,26;25;2;24;14,12.446169855523184,4.318891915399279,1.8262658919397843,0.4670767380674407,6.346347232676153,4,1.5085241122823132,0.20849200044721333,0.17355595279719424,0,17.877599321090727,0.05,748.0,0.0,744.0,3263.9545419531414,34199.67591145276,8.006241048113369e-11
1340,5;26;11;29;12,0.12845713968438896,3.0110041043813895,0.07260766381300873,0.45281423104385576,53.87911962334233,0,2.215933723656022,0.2154768567700378,0.2804847958026588,8,3.8605067610219823,0.05,3.8,0.0,0.0,0.0,0.0,0.0
1310,20;11;15;2;8,17.575914652419183,6.442023235875574,1.1389837369052862,1.7927030283760483,83.0453622627731,2,0.7840672515266314,0.18982787190565176,0.19313015889501273,10,93.44569249376407,0.11,30.75,27.0,0.0,384.25777868739436,1566.0570774533687,0.0
1342,4;9;13;15;7,9.627773871330904,0.7033179740842843,2.022873066844044,1.2724757148506578,25.06997264579809,3,4.344720389609208,0.01260508161657141,0.2611451329224899,3,33.10658400532114,0.09,4.0,0.0,0.0,0.0,0.0,0.0
1142,22;6;7;8;3,3.441033832137061,4.824627379468149,2.564527919603932,0.7547952607653423,18.003678994500373,2,3.6263969331426997,0.13629572554985678,0.2596127248958713,1,61.60551427049745,0.11,99.8,0.0,95.8,183.84638434301294,3798.567331326026,7.062409453341309e-11
1330,13;29;9;2;26,4.559322705390182,1.3309585643759758,1.6447628010333706,1.4752793521043377,27.019076476798798,2,6.430544401793112,0.11276593220043464,0.2980589472606492,9,58.80480010296291,0.11,7.0,3.0,0.0,23.95541772202466,203.59174805068315,0.0
1328,6;21;10;16;4,16.137622290560625,3.2240851799985313,1.7677421882848927,0.744461730675375,93.46010211855264,3,2.0959510756198463,0.06970138267210137,0.12446139725721628,7,31.138995311079714,0.09,4.0,0.0,0.0,67.62304947193218,663.8691350303772,0.0
1318,30;10;21;18;27,5.456630190524357,5.301166397923649,2.0746700191842677,1.3506808037285989,47.476798455321635,5,8.582972056417676,0.15336961109050115,0.2983234997098993,13,64.91156624720308,0.03,15.4,11.4,0.0,58.39081022110868,789.5732679359334,0.0
1327,18;19;5;14;27,5.981102108639169,8.531329142051034,1.529015900045178,0.03815176286657146,50.545798621326995,0,0.9756333533156657,0.08668615165160495,0.0031937086420731897,11,6.43955430504729,0.09,4.0,0.0,0.0,40.904687644648384,300.43253103528065,0.0
1189,8;6;29;3;19,5.600745283243641,6.922194031341972,0.8184709254533793,0.7471860259859336,14.070363014445464,5,1.4508240377063586,0.2554230849033218,0.030595696712915788,3,114.60784543053852,0.09,179.2,0.0,175.2,426.3846585231756,897.3419188752271,6.103529203297803e-13
1344,13;11;6;4;2,14.371455561298577,7.212249655329517,2.0861538941184032,1.6093603324132848,68.45186061334367,4,0.7792289819539518,0.23385819485869958,0.09102678045471603,7,60.11703454408642,0.09,14.25,10.5,0.0,151.0683066045205,2065.455865625997,0.0
1125,25;30;27;1;13,12.050894580745878,4.283678828894502,2.518406934674496,1.5392299874977482,32.97833226747241,0,1.199130217508894,0.26276120569923067,0.10250736334464218,13,42.33626622343705,0.01,124.6,120.6,0.0,805.1391203708815,16042.520931127776,1.0232355207064803e-12
1325,18;11;23;25;7,17.578923124527424,6.453887027242482,1.3665742185296699,0.589197767522123,15.429696184096231,3,6.747474329114231,0.14440772411143496,0.2055950009590578,6,127.78089121248921,0.05,21.6,0.0,18.0,204.69824576636816,1200.965246172922,0.0
1319,23;11;6;4;13,0.3639688532496951,9.980990795718279,1.1540668560299616,0.428554283360098,20.861723487833395,0,6.835074898392907,0.2839781743411299,0.02647079489206202,2,45.77415542067257,0.11,3.6,0.0,0.0,0.6216613722481246,2.6011517687073065,0.0
1351,11;20;17;30;7,10.697643336294842,9.89391690088777,1.1021358313682594,1.2446055855042688,41.33176710684461,3,5.347547776821529,0.054859364582617844,0.15506404964189913,12,5.369006430598389,0.05,3.8,0.0,0.0,61.407408434039425,234.33701082450057,0.0
1335,20;30;14;11;26,12.161016421126982,2.259641939936258,1.7778511860590491,1.1465013080454605,32.187814525981864,6,3.0948841900691315,0.0557875547459565,0.24717835027223942,12,21.418365365537092,0.07,3.8,0.0,0.0,49.60203476083768,492.5384923241474,0.0
1247,2;20;26;7;1,6.086754417273738,6.958243958838361,1.8773324306649282,0.30117549854365355,33.061767602961154,4,7.296185508722397,0.10243448989939564,0.27762848147070657,2,119.65970673587478,0.01,56.75,0.0,52.75,211.22619539849586,2338.7296117324067,2.909503762716951e-12
1167,7;20;28;27;24,1.282228509745078,6.137254927817041,0.7621979003959157,0.8523939340118013,77.26190807048896,3,0.6009383859788269,0.15454846340772008,0.1756800439748798,2,21.077519811984036,0.03,155.8,0.0,151.8,98.35044118631819,179.49885447200535,6.590035467072273e-12
1337,20;16;29;25;15,16.084152715515785,5.9086295648496465,2.0368010533286,1.0477303427309475,98.89217993956484,6,8.853663426080052,0.12039540589842757,0.09990922319318638,13,55.47661107115674,0.11,4.2,0.2,0.0,94.26599083547246,1228.5762944316161,0.0
1246,5;24;4;18;10,15.867553167717888,8.100661787462366,1.9396304575003775,0.9390093535475046,29.059902793670656,6,4.589849330452642,0.04862499441563537,0.058043452757330846,2,128.8791115289991,0.05,228.0,73.8,150.2,1283.8849641936513,15174.485524936672,6.0661706358089e-11
1150,12;3;2;13;23,14.447439177759561,6.177383937170662,2.3005130004799135,1.1009321766387685,35.338925925754694,2,5.06612196850139,0.23943744048249668,0.06656193063912566,3,132.3616687968311,0.01,364.5,209.75,151.0,1975.6621047903259,32848.22646078287,1.3058861263499795e-10
1360,16;12;22;10;17,11.826885346981697,0.5626162506735555,1.7291905477783442,1.6808913138039219,0.4109226252601128,1,7.919960860834653,0.12150466625140874,0.059970117006845534,0,137.9502539184192,0.09,4.0,0.0,0.0,0.0,0.0,0.0
1236,12;1;25;28;24,17.563503209877016,8.571704408204171,2.6301457310610785,0.17878756973229867,16.164794973196408,1,3.1217085606534143,0.21690891762152997,0.02766447213184776,5,60.75039508565999,0.01,50.0,0.0,46.0,349.01273142916887,7584.915858183043,1.1752954844400655e-12
1361,7;5;16;27;2,4.975871788159394,0.41796765119141654,0.7706143675874295,0.7893970591569845,97.91560819469126,3,2.3555377827214445,0.2489514930819167,0.10963377267233444,11,0.034660325628323996,0.03,4.0,0.0,0.0,0.0,0.0,0.0
1112,23;21;29;8;30,18.609608817988104,8.41161948343548,1.6062419091208389,1.6279566553275535,21.64578414547783,6,1.1748069588550656,0.1366921994162256,0.1521076249442304,1,38.382777228580395,0.07,648.8,155.0,490.0,3355.1637514994313,27194.77687830256,1.7616322883398336e-10
1343,10;29;15;14;17,11.275155943400705,3.3352083188864654,0.6089189308123093,1.3558039454786928,65.70672415418571,1,4.407009528403197,0.25186142854155463,0.01663226817911806,8,16.212185680916047,0.01,4.0,0.0,0.0,55.71362960390984,64.89784525596247,0.0
1209,19;30;18;15;13,12.180810677429044,7.507956382460561,0.7977332187446878,0.878055072567816,24.723760350362557,1,5.729626710787291,0.15843770747561878,0.28381515972456284,2,129.8506192962529,0.11,145.8,0.0,141.8,819.9652514874828,1639.30844075819,0.0
1321,26;12;17;11;20,18.791381340214144,6.279512663755961,0.24477519807444956,1.173990067552238,36.09979085952495,2,0.5179206398460212,0.009678098044679395,0.11876460198123119,4,5.680044375174489,0.01,50.4,0.0,46.6,370.6019642278303,69.75774142756828,0.0
1362,4;8;18;20;7,5.1478203435334215,4.705061320577766,0.9017773409563912,0.3528609315541422,7.828173253445037,3,2.935286295734251,0.006400704301101401,0.007225240209809979,5,127.69196905238942,0.07,47.8,0.0,43.8,113.43883164726326,289.8079231957587,0.0
1329,14;23;16;25;21,6.529159122926628,9.145783341282888,0.32035747495589806,1.7949712608883515,95.16824817358037,1,1.959860040567198,0.16143275576696275,0.23436330506483521,8,27.43246143515202,0.09,3.8,0.0,0.0,44.03297733191856,14.197034843346023,0.0
1356,25;29;19;13;17,12.970469576179664,2.1467464286172158,1.5205877892713278,0.4244889618405468,77.39032315328097,4,2.806491278099215,0.14365963400928738,0.16801617799281046,8,17.280798860067065,0.05,4.0,0.0,0.0,20.74544579095231,150.69388923913735,0.0
1347,26;29;27;19;1,1.9970691447523636,4.2042130587431235,2.0796178503820366,0.7467115374834434,0.9349208745712434,2,6.32388222652463,0.21158649944529898,0.10321102524294923,12,28.5464243340508,0.11,4.0,0.0,0.0,13.927624292647385,189.2317425663585,0.0
1315,15;23;13;25;14,1.85193892015122,5.371270383377028,0.3499124510427254,1.7980813277652892,45.92263070877366,3,3.5090909745827625,0.21358388158980487,0.18956833218839372,3,5.837967062165359,0.11,31.0,0.0,27.2,38.71164066300397,14.890532996379807,0.0
1203,24;14;6;15;20,3.972013855506717,5.957211770247372,0.1485072110615897,0.2842082294770381,51.96163925995921,5,1.9299491251559837,0.0558911804249852,0.28628496091870714,3,91.04924257800991,0.05,166.6,0.0,162.6,293.7005280438399,20.34930983949463,0.0
1350,30;14;24;19;16,5.400347910361795,7.97720759484068,2.70301358360273,0.12857897761405088,85.71320073544759,4,8.77989499846243,0.22185496946106267,0.1600026812049296,9,102.15047138847771,0.09,4.0,0.0,0.0,36.8651298846451,846.1787162844178,4.5945897559424746e-14
1303,8;24;14;10;7,11.743954528030528,2.4464508234753044,1.2729432493332877,0.014437338934579524,22.158347168563896,4,0.9399176953180387,0.06251918331475498,0.1459425896081526,4,136.37563962376157,0.09,68.2,0.0,64.2,389.3519851592002,1982.0305790646403,1.1851780659685048e-13
1141,15;19;25;14;29,3.1429433534172837,6.201212678420872,1.5402414255368326,1.337763630192054,94.18266324313585,1,6.824694398089597,0.2880990474360863,0.2583402462267261,10,90.57577137036127,0.11,243.0,239.0,0.0,364.7473027144226,2718.43880639898,8.149260039978643e-11
1212,26;3;19;18;9,17.054676678682494,8.11916503049305,1.9326091758325579,1.402421899038826,40.80730784075976,2,8.491115368740315,0.10453935583269341,0.20542952409039456,4,45.77594811892184,0.11,225.4,84.8,136.6,1247.8195614112053,14641.640410112353,8.502289661600846e-12
1353,20;6;1;7;19,16.275673944710288,2.641983546540758,2.2321960889523154,0.9748244793687614,2.8792596637359003,5,1.3349249188183174,0.2745549726443079,0.054983255674255625,12,91.37488780696295,0.07,4.0,0.0,0.0,113.63601721988361,1778.814096170739,0.0
1369,26;22;8;20;3,9.861979188873704,7.108206011072745,0.887759577296644,1.469618212896393,51.566371238353206,2,1.7485477972871442,0.12928399734390647,0.1771156516058131,12,28.33583190999733,0.05,10.8,6.8,0.0,110.55398262079022,273.72533596714663,0.0
1358,24;15;7;16;27,10.488326860048677,5.437921605912567,0.23751614896315673,0.23528013669459655,54.58809524514816,2,3.8243088783019,0.10176469421237685,0.0392221746334012,10,97.42730742683501,0.03,4.0,0.0,0.0,72.80988126622792,12.904063208179139,0.0
1355,18;11;25;23;8,14.166514094771543,4.554765992265242,0.9460563880615828,0.9922890528362102,99.31472821575188,5,4.720349522701333,0.07467008530745546,0.07266977622767315,3,120.2781413723237,0.07,180.2,77.6,99.0,1109.2569824989546,3119.005129265658,0.0
1376,27;13;9;10;8,13.04118054459574,0.3407594384305557,2.0993591437267614,0.7540943080750977,49.628131679897166,3,4.772284976452015,0.017374347098602638,0.030464191260109283,9,97.75279572538251,0.11,4.0,0.0,0.0,0.0,0.0,0.0
1366,23;12;30;17;21,17.903122839790367,0.9007007448607252,1.7812810619782575,1.5598159514801404,32.420585532694844,6,8.103947519166868,0.14811879266253467,0.05569294381958806,9,116.63957994200405,0.03,3.8,0.0,0.0,40.24963291836358,401.21457181519014,0.0
844,25;5;17;11;2,10.173555140836738,2.1104357377586114,0.838058834081027,0.08121456585448869,78.75087742204995,0,5.809676776216209,0.15490588716343076,0.2058792228888151,1,29.813771335203974,0.11,489.75,0.0,486.0,2288.81340677257,5050.208147073556,0.0
1230,7;27;13;29;8,18.542321834217333,7.1577967414686094,2.2691606873929575,1.3723646305823767,77.20286641635758,1,3.35780231184501,0.0792131699776197,0.1698916840116079,9,127.36313737328398,0.05,150.6,146.6,0.0,1255.3618265028497,20307.164780345294,4.646432913114038e-12
1383,22;8;19;2;7,3.367131671387543,0.716486232338277,1.9504538776979106,1.2202743111277818,90.92752064096265,0,0.9552756712442989,0.19386613097996605,0.035163642674083694,13,20.01690634144525,0.11,4.0,0.0,0.0,0.0,0.0,0.0
1379,3;17;27;4;30,14.031895293438083,0.8743298621539153,0.5669501974572022,0.8957257293438564,91.44399240262715,3,6.893707569380844,0.1368236437557744,0.20990011965553232,13,39.77002232704496,0.05,4.0,0.0,0.0,1.4056119754286767,1.4194011182383075,0.0
1374,15;16;4;10;9,15.037476362535575,6.418533354426045,1.125979649808162,0.17502615681557548,93.92117964368134,2,5.516057338488148,0.09830395290472495,0.14357751820711256,9,3.467063507834516,0.09,4.0,0.0,0.0,20.991725313459963,83.61016690131977,0.0
928,4;22;9;16;3,14.360274667764513,5.361050135020003,0.31567333715288226,0.9010224744549634,37.82696209980843,4,3.5701481269349498,0.04941297768008735,0.2342215006297585,1,47.558677152863154,0.07,608.4,0.0,604.4,3308.578663820908,1035.7790923622194,0.0
1382,21;18;5;15;1,15.928774551560391,6.968472554129378,0.7427819046967002,1.4451015501755355,99.12912655368692,3,5.914717268173508,0.10447399132059791,0.06414665129624973,9,115.17647294539182,0.05,42.6,38.6,0.0,377.2624586297553,653.9071614052647,0.0
1332,5;21;13;26;22,10.75229230174892,6.378025633993055,0.050799845481419845,0.3947498397537378,5.894213143881355,4,6.8310465934934825,0.22356516581543323,0.15158434518558114,7,97.90512892241729,0.01,4.0,0.0,0.0,74.32420815978662,0.6025664487663283,0.0
1338,24;5;18;28;14,9.067943693873215,7.830366397994323,2.740550953984643,0.7081567753010346,86.77818818772411,1,6.128466893690116,0.08239888940150661,0.23149189286467714,5,97.56794106384015,0.07,47.6,0.0,43.6,189.5594156154632,4472.712633429164,1.36083114224848e-11
1377,10;3;27;12;2,17.72627290131248,4.10853137129042,0.4653066005652584,0.2647192204300878,11.267269921379908,5,3.9576789523996205,0.29445302661617323,0.06312565858856402,9,33.30246802693722,0.09,4.0,0.0,0.0,66.35335520953811,45.13268669651395,0.0
1378,2;24;6;7;16,13.432093968266035,7.653280242967496,1.2233437759842756,1.4634646461278418,11.606129530720033,6,3.8434111724190627,0.2422708527596122,0.2547828964859632,9,31.993614701593025,0.09,4.75,0.75,0.0,79.73814461824247,374.8979212134368,0.0
1380,30;17;11;26;25,5.216410785628918,2.191740947042926,1.1945724343326163,1.1723133552073601,60.56580282566176,5,3.579639244077709,0.1499573276475806,0.2615481613279847,4,53.03479928260047,0.11,159.4,56.2,99.4,341.28054974813193,1529.9822347685822,1.277166978538385e-13
1178,1;25;21;22;28,11.531998559574447,8.255755070538902,0.8674563424991704,0.9375168471491244,11.7215592073584,5,7.556170131528391,0.11757367534133621,0.19000724136994993,4,99.80091813347764,0.07,74.2,0.0,70.2,384.64824841973217,909.3035473312535,0.0
1391,21;9;5;22;28,2.8960895717568764,8.003912311105159,2.3068982100901696,1.5370012426827209,5.0202281978279135,3,2.263814700265866,0.22182252009507283,0.21562508623713383,11,43.91337771256454,0.09,49.8,45.8,0.0,77.40852690927537,1294.1825498777325,4.212341161424468e-11
1396,25;15;8;14;20,16.493358354041398,1.381111102491035,2.103142217693621,0.043646075130202085,44.4113885035761,2,6.10530079458856,0.2925998710963473,0.03582921108422924,6,60.952940145888704,0.09,11.4,0.0,7.4,81.59981442256162,1133.9041020934906,0.0
1386,15;2;5;28;14,2.795095450114095,6.429885800477391,1.7682846350927688,0.9712365612387367,53.265642777236636,5,3.4143181775632487,0.29811768368056357,0.2611260973881903,13,21.337855579261323,0.03,4.0,0.0,0.0,19.36683761958545,190.24485938994894,0.0
1387,7;13;27;28;2,13.846961829339385,6.425370388819674,0.5674860748480117,0.12267808038282016,19.21229434159242,1,2.296287364316208,0.07957599650023418,0.23108421820905622,11,65.401952928948,0.01,4.0,0.0,0.0,94.68388869053055,95.79357407857883,0.0
1305,13;22;9;4;2,16.544894187207845,2.275663416652306,1.640779437166193,1.6421648431305689,60.60101053634119,3,4.076602526024678,0.2654597735086519,0.16262830802177708,4,60.24969201661429,0.05,179.0,59.75,115.25,1131.8491370193688,9572.796485883367,6.11265107519924e-13
1398,12;14;17;30;24,6.8760407296188815,6.410287169918183,1.5088505474744125,1.0407468941728228,56.88936695486972,3,7.0601155180253965,0.27354184904359297,0.17410703514904893,11,21.998861154273914,0.11,4.0,0.0,0.0,46.803936624840546,334.75317505066033,0.0
1384,25;11;24;8;23,6.923027965992989,7.646110570870446,0.06671668515253776,0.412715658133419,30.299428160263286,2,0.13290949496621182,0.010598172300278296,0.054518857585201294,13,133.40837681296816,0.05,3.6,0.0,0.0,47.82184015714673,0.668721176532418,0.0
529,23;27;3;5;20,17.88204582898284,8.501116960701584,0.40056960852903095,1.0692538898761046,34.27847060029533,0,2.28621891373494,0.27301732308580956,0.15776984363537616,1,24.007673528405093,0.05,1395.0,424.0,967.2,7089.0639094625,3573.5079806601666,0.0
1323,20;17;29;30;16,14.058369641333037,3.159862103327997,2.694405508823609,0.29224705708751475,9.309050703448419,4,8.149745892426688,0.07943327239522051,0.13145766604345027,4,78.03742209520486,0.01,92.0,0.0,88.0,577.5724997500251,13172.927299037387,2.4526588707846875e-13
1390,11;19;25;12;29,2.073071554819893,1.794460764333915,0.8165388348985725,0.5220450797343563,60.06791346500444,3,7.560918035351153,0.15362667670384403,0.07336122967830809,13,99.5870102380361,0.11,3.8,0.0,0.0,14.509903544247816,30.39261633120204,0.0
1399,2;7;4;10;3,4.741702035965393,4.365506656876508,1.0523803574062152,1.0280992605060857,72.24031911681871,3,8.106866761595244,0.14524398429033392,0.04857641189880955,8,79.76837516052848,0.07,63.25,59.25,0.0,153.6649948100239,534.6508789834387,1.588485280994585e-14
1408,22;19;16;30;21,14.812742811373147,0.8645633986385948,2.356386680438489,0.4166603963521112,71.46071607552297,5,5.787457849059797,0.07628794484083075,0.22312693230323472,9,11.752437802524408,0.01,4.0,0.0,0.0,0.0,0.0,0.0
1183,15;19;22;1;26,1.5114006465801637,4.353585608812251,2.4435846507540364,1.291608180847025,39.34346963861998,0,7.404263577907178,0.26536388073593725,0.17674981662059308,1,50.1403524687476,0.01,193.4,189.4,0.0,154.00450124176717,2888.9369538847122,2.3196400441650214e-10
1394,22;25;21;9;17,4.206263931134871,7.479860528585352,1.9572439663668237,0.7941793162481126,83.5627249006336,1,1.8339236516574502,0.09050169375456209,0.2864311856259602,9,46.30326327717217,0.07,4.0,0.0,0.0,28.940429093182182,348.29301482552626,0.0
1403,26;30;24;3;23,0.918809818955508,2.012594922438219,1.2549091301014212,1.7132091448939322,94.51286579491132,3,0.7572317681179183,0.06705553068309923,0.23503337485539627,6,106.42004763105592,0.03,45.8,22.0,20.0,22.181728339437477,109.741227313907,1.8254835682837616e-12
1409,19;14;6;26;29,1.4113320507924492,2.911187989571007,2.312130566842285,0.8069036934687894,40.44297747803375,1,4.351399840635276,0.21050757178236895,0.1638932770612716,13,128.990882953816,0.03,4.0,0.0,0.0,9.866532274899276,165.70633959205566,3.243312609196354e-13
1395,16;2;25;17;4,18.263576070478926,2.5357610622822415,1.8605341856816113,0.9855449453604752,7.026637840268535,4,5.041288880769698,0.266179266233549,0.04770075793877302,6,87.32265834912724,0.03,22.0,0.0,18.0,203.58329001256337,2213.9474567563575,0.0
1413,21;23;15;12;18,0.681694789757701,0.1823714566257706,2.784822567564542,0.1506934863028092,57.441828211136915,4,0.6775889155878262,0.09792646148957752,0.25849019468199524,8,4.008787182514819,0.03,3.8,0.0,0.0,0.0,0.0,0.0
1274,6;26;23;25;11,14.36324628025195,7.1707518186214925,1.6398932436800318,1.541783179271531,23.773476863183397,0,6.836943402321433,0.22325796507213133,0.018728079350374526,8,75.28680606872938,0.07,124.8,121.2,0.0,1003.3589171888343,8476.905479014611,3.56140167315736e-13
1375,20;19;6;5;13,12.504725196342642,5.188702418744788,1.2225039356874234,1.0601097446233636,98.61601671581171,4,7.91028703207973,0.1902107548025639,0.16760700898313022,5,24.075457271715845,0.11,46.8,0.0,42.8,238.91466407199044,1121.7425948474392,0.0
1312,30;14;21;4;18,5.249701196102983,9.698216937555744,0.01362144984789073,1.4530487964555212,87.39261963938237,2,5.345919670729715,0.08614788715662808,0.21274591299629514,13,96.89235220237286,0.03,126.6,122.6,0.0,312.2482620679809,0.18201055501287203,0.0
1411,17;19;15;23;28,14.171800133833894,0.7717374962123658,2.0972820884273635,0.8722794147625925,20.850561924079802,2,4.7602339169988195,0.20754697546085615,0.2871881371212839,7,131.72394477257504,0.05,3.8,0.0,0.0,10.390840112596909,143.58670535436787,0.0
1417,20;25;7;23;11,5.129900295568511,0.4080563122065084,0.7711174317728793,0.946100773809507,26.615200221359594,1,6.913967286394752,0.12531210676882965,0.2489035269407148,10,59.425894151635916,0.07,3.6,0.0,0.0,0.0,0.0,0.0
1401,4;13;15;10;18,13.081647505176132,4.157688184205115,2.7622125958818775,1.2837507265746897,79.26840898474269,2,7.786717695666891,0.1953424955414039,0.08968192731147856,7,17.165804892972776,0.01,4.0,0.0,0.0,61.80732820358247,1481.5081528635417,0.0
1259,28;22;18;20;16,15.529046287858739,3.507966459413152,0.297772660644851,0.504240382463331,55.943073203399166,6,5.247810329888989,0.1259113277951405,0.15134069221414476,2,123.9090648022551,0.01,161.8,0.0,157.8,1205.2526093614913,335.7357557726777,0.0
1400,11;9;17;29;19,14.228101726091268,7.504156408622285,1.0043592703000828,1.3481484984153902,88.21780756814132,6,2.7638763763927137,0.2622990105382057,0.28910969116228097,12,72.98575129385297,0.01,6.0,2.2,0.0,104.99685155233101,332.7394804333445,0.0
1372,11;4;19;14;20,10.141610306236636,3.967149521643778,0.5343227906073961,1.5215883368587737,17.47207529209073,5,5.096808309834593,0.11825160113469839,0.11914291209990305,5,23.09229792056372,0.07,79.0,21.4,53.8,313.29721824960967,281.0048455664101,0.0
1402,15;29;14;16;30,13.777571846136437,7.950000614737148,1.2215223279630596,0.36219124366855465,1.3422375028071643,3,5.548059560868809,0.005509337972125405,0.2580563523601473,9,99.63417822618001,0.09,4.0,0.0,0.0,93.90438446917784,440.18836840144843,0.0
1286,13;28;9;3;26,17.51950444894235,6.112759935857217,0.15121194225892975,1.8824228643076044,32.30455766988322,1,5.385933893885895,0.1727870234265174,0.006639358894631475,10,136.27760037696143,0.07,147.0,143.0,0.0,1309.3017779814331,94.05065270691787,0.0
1405,5;29;27;19;18,10.103287534422744,8.587380175341373,0.5189033124381307,0.7751401642605231,71.56128924523722,3,6.158829519376094,0.014178836169470986,0.15838957939407097,13,98.37664809218568,0.11,4.0,0.0,0.0,68.97574921602283,58.34708789398282,0.0
1421,16;2;11;1;24,14.10675532510549,0.9211159260372015,1.1468162534934474,0.8552460540579205,65.72743046019632,5,8.234618855218828,0.0679905340653747,0.01693311547153472,2,40.960278882951435,0.03,3.75,0.0,0.0,1.18738489813023,4.90601726927479,0.0
1407,25;6;7;11;4,8.494248377127619,6.047419702299374,0.6048645006921284,1.5406926007494628,68.1730053832474,6,7.774610126694386,0.18895565808769252,0.14654136637465917,13,44.35388383910408,0.11,6.0,2.2,0.0,61.320445701145864,70.4808882635044,0.0
1392,29;13;16;2;27,16.060793469677872,5.453568046238607,1.6059615327040688,0.35030352066004383,42.58792526085695,5,5.2189830483251844,0.17006145485200785,0.20690300978457757,14,84.59293673666869,0.03,4.0,0.0,0.0,110.97068478747052,899.1422715271707,0.0
1422,28;5;6;22;19,3.538715369916009,1.040956327863708,2.521387815750316,1.157089802033931,47.8670627862531,5,6.499629253503447,0.01579825937998427,0.18293995953134456,13,10.068500705264887,0.03,4.0,0.0,0.0,0.0,0.0,0.0
1093,22;16;14;17;24,4.646707172499176,7.626951300153902,2.5430211688874897,0.6024761812411571,7.191819504538188,2,3.190422376468662,0.19425865400063583,0.07734167881685147,2,34.31203993661338,0.11,334.4,0.0,330.4,642.6342867463518,13056.107474135008,1.0366174792501509e-09
1414,20;27;2;30;21,9.339755582784058,6.543767084198516,2.32873813119901,1.3489923374083128,67.99663517834637,0,2.069341014948286,0.2999313607436389,0.03359480857097736,11,26.71538440575335,0.03,4.0,0.0,0.0,60.1630157481482,1024.992716391527,0.0
1425,13;14;6;26;5,4.962763246513206,0.8062982965956011,0.046393063808205556,1.332495051029542,90.20214108714602,5,4.503482453072838,0.214108867729627,0.1693804919592433,12,108.0303245722881,0.09,4.0,0.0,0.0,2.465289772567814,0.016669553046885527,0.0
1295,27;15;12;14;30,18.851400102695436,1.7817655921185482,1.280837555596135,1.658078902670398,25.30732146592224,0,3.2239610789386344,0.11653925425689408,0.27046457442426514,13,120.13647674174044,0.03,134.6,130.6,0.0,1471.8194064208435,7585.6448167363105,0.0
904,7;15;30;18;6,5.902996737940058,2.6109922225069715,0.5019484702475885,0.020660681629176846,54.73005862072407,6,1.4425661534810441,0.29633951900384775,0.12589517950042053,0,26.8185373526495,0.05,754.8,0.0,750.8,1813.991082390025,1435.8308835875873,7.645030952980437e-14
1412,18;28;9;1;29,1.2445404049543134,5.403663988753235,0.9289294911862175,1.2141236576872287,35.31842651139875,2,1.3714839318394627,0.17520423128077287,0.2988004092571645,5,55.047071916744095,0.11,124.8,75.4,45.4,72.40644456957004,196.28747885688466,1.3310616605716373e-11
900,10;16;30;13;12,5.97095334244512,5.024156134961836,2.7802281171194556,1.468101709079369,10.259256643037995,1,1.6870681313709937,0.2680759159651721,0.2791803793319101,8,100.60290330261884,0.07,244.6,240.6,0.0,688.5368199814424,16720.06280389765,1.6183245266883244e-10
1437,30;5;8;3;28,11.188461982769967,4.335031596169474,1.2172474267403297,0.7882780692387652,36.994259924024455,2,5.063960705465065,0.23684360434270488,0.2860730514962412,10,139.5187913881023,0.11,4.0,0.0,0.0,77.8271508625468,362.275308368106,0.0
1434,1;3;2;20;21,14.02156003491055,4.795794653576425,2.6825031168008096,1.1378546411055734,96.74282650082694,5,7.2792760881137015,0.07060935634086123,0.24361666608329813,4,0.21312644401388914,0.05,4.0,0.0,0.0,0.0,0.0,0.0
1435,17;25;10;15;12,8.843100832515747,0.26760382908036284,2.0228819337644683,1.674727089827345,50.81429248732731,5,1.6391434791717159,0.06640374970105196,0.25754596889263487,13,17.180071144353946,0.11,4.0,0.0,0.0,0.0,0.0,0.0
1423,15;3;24;4;7,17.57556313112024,4.997619910774141,0.41881609733999237,0.5242962671881247,55.17280061148641,4,6.660858781537509,0.19952662488225945,0.07504747336590321,14,20.401924830321718,0.09,4.0,0.0,0.0,63.11517398569231,34.780064863370754,0.0
466,4;10;17;19;15,6.989090483425601,7.805369607346922,2.522436033303935,1.5937225464910534,23.922861655812934,5,3.1056319425947643,0.29596327828137137,0.21185125587561338,2,49.69254326537715,0.11,734.6,306.0,424.6,1600.179028376877,31985.914387857116,1.9318243424738515e-09
1439,28;23;2;11;6,15.298938853438445,9.347079051091788,2.352926785551793,0.878139281876578,25.647015413820473,4,5.157919034285309,0.17011090981843224,0.06640412079106792,2,1.4642334409906232,0.11,11.0,0.0,7.5,50.44733254842317,877.4147028405853,0.0
1367,17;28;13;18;11,18.571932262558516,7.971312376681783,2.7740499854053686,0.6892631504354797,49.646266376680344,5,1.426034577500455,0.2833855561410678,0.2279263835707093,4,95.69325005079158,0.11,77.4,0.0,73.6,620.3094179971928,14996.392972234946,3.320357662500905e-12
1393,17;14;25;12;15,18.133918350391667,1.2966267746579718,0.5102455367768814,0.957470679040355,10.540811159085983,5,1.0697762656831935,0.02274887753189696,0.07436349827400192,1,44.586365288528405,0.07,41.6,0.0,37.6,280.6906684500452,229.5811761991588,1.1198761136865783e-13
1357,19;22;28;11;5,5.717767207184538,5.786745356802067,1.8190519137696657,1.6790417426410307,16.170838332984026,5,2.822354368118119,0.10392783701471399,0.14865654525419014,5,8.606950534338448,0.05,63.4,0.0,59.6,154.22246060439085,1603.1999392583427,3.293190582925898e-12
1427,21;23;8;3;26,12.678631623245439,5.625249766353927,1.4634417831405788,0.00487300720077065,8.706852640367268,3,6.847512441177535,0.16974354069607359,0.004948257708384273,9,66.41424635317097,0.07,3.8,0.0,0.0,82.72512270411293,556.5935814139427,0.0
1415,11;5;17;24;19,13.858357382664133,2.2286250278530795,1.3788333068616148,1.771289083010671,10.980375603788762,1,7.833004040846479,0.08620374293865292,0.0075697053083719655,6,94.35185570883546,0.03,245.4,140.0,101.6,1524.7881544969507,9107.158883494427,2.2299970383090004e-13
1034,28;27;14;16;19,18.725521090185406,4.156731333157541,0.7959969423770614,0.3719879621814648,61.501145396485214,6,4.165889480074703,0.0933052859347326,0.11864297630064313,3,60.12832648305131,0.03,176.0,0.0,172.0,1380.7588800182714,2748.4669353313916,0.0
1442,13;4;26;1;12,0.11094830545299009,3.275085887787622,2.167031789769767,1.240183125628446,53.69121204914793,3,6.550026249370016,0.2872267534491732,0.27442514339439933,7,29.754868876336243,0.11,4.0,0.0,0.0,0.02771653986210435,0.4089022020109905,2.0499747878675186e-14
1449,20;5;25;9;27,2.2607668035067956,2.4823397244848033,0.949652759986073,1.552336358529912,73.05086331856539,2,1.054594389916993,0.24553791518761783,0.12476643254351612,5,0.4685580472238082,0.11,4.0,0.0,0.0,0.0,0.0,0.0
1354,21;14;16;7;26,3.1483702902958606,5.308776078973969,1.0795996766111984,1.0837990750849935,90.64424483232979,4,5.098103122850904,0.15640431106785238,0.06307467853488286,11,135.93292520232347,0.11,31.4,27.4,0.0,55.681635074488575,203.88597107365499,1.3398297601572224e-14
1431,30;18;24;26;11,4.9990978970396664,8.987039061572224,1.8234808489627574,1.722912353789256,70.78905393053473,2,3.744500635585583,0.2934885527567204,0.18908511392322946,14,36.72411923391671,0.01,5.8,2.0,0.0,41.591908610703555,434.47134248216855,0.0
1441,22;24;6;4;13,0.6644198235735792,2.153177778000811,2.465948353077323,1.2955071721019946,91.03241694346092,4,8.719991119192818,0.11760052254623342,0.18933595704747933,13,40.87606671054228,0.03,4.0,0.0,0.0,1.0297399622044383,19.67185854437053,3.8185081903338186e-13
1452,23;19;13;21;8,12.258161150505567,5.877308681324179,2.7657254590720997,0.06715052627218664,73.25706484504938,6,8.758822010314306,0.17005713897628452,0.29921988039792224,11,33.726607392675334,0.11,3.8,0.0,0.0,64.15771551560226,1541.7604443524717,0.0
1276,29;5;10;9;26,5.440509222793125,1.3968850674556832,0.060531733604236575,1.0395520068449424,5.256326085861074,2,1.089326684394619,0.2863948498955743,0.2297781442392232,14,116.0792606918413,0.05,124.8,120.8,0.0,341.24695944639365,3.9281212734489217,0.0
1436,20;27;1;28;9,2.7039614215171697,4.979018234577213,0.5069112381188741,1.768971251962454,51.43788589514304,6,6.812792675691425,0.27007264105458156,0.08646204064082098,12,30.890778610204887,0.11,5.4,1.4,0.0,19.797940422101583,15.9820956234345,0.0
1232,11;24;25;8;13,14.387646299987301,3.0473566844245967,0.9423055149552618,1.7218434311873254,72.53992290132665,0,7.269018163869733,0.08224738794827269,0.2759146706724814,6,133.73444121031443,0.03,266.8,178.2,84.8,1731.999617908768,4831.490504464586,0.0
1017,13;27;14;26;11,12.624727991441217,2.6763987460510084,1.2624398674409458,1.7685158298729986,80.67440975238577,2,7.2145814714250545,0.11728466759790289,0.12091147432724925,2,79.70821937030573,0.07,674.6,383.6,287.2,3605.4669410013034,18052.310402060197,2.8223224999796955e-13
1459,8;21;5;23;18,9.372526731666877,0.3031448199374376,1.3304039398035294,0.187851064872649,90.93637008854131,6,2.548341948150587,0.1506910862408278,0.02622961320790975,9,127.12523667270936,0.11,3.8,0.0,0.0,0.0,0.0,0.0
1272,20;18;16;2;10,7.264263754594015,9.764488103901765,1.3841087534329675,0.9237380833987123,29.150431775738785,4,0.9773749259287874,0.27847530387302316,0.06653883588790967,2,131.71264649622444,0.09,242.5,0.0,238.5,710.3242092227226,4275.106317809124,7.49990777893766e-11
1348,16;22;20;8;10,12.257386021789733,3.10587201997105,0.3058231094572573,1.828468054462731,39.372498177493085,1,9.17083750695519,0.1934560087836293,0.0891276707269495,11,35.020217778756574,0.05,62.8,58.8,0.0,490.2249706890692,144.04092487917518,0.0
1462,19;27;10;18;22,16.097676521175213,0.08373329366260895,0.16218877397521395,1.6029406117607745,82.15813760461005,1,6.322849409361129,0.15216036834995905,0.11443614383606188,13,44.08796610130934,0.07,4.0,0.0,0.0,0.0,0.0,0.0
1451,12;1;25;28;10,12.48144592405827,4.200602648793103,0.2214973400048565,0.9104021257715615,49.29523338351524,1,7.2734622230592185,0.0036297850130899254,0.2746637868326467,13,58.104309459906425,0.09,4.0,0.0,0.0,77.09019229183168,11.881903799106805,0.0
1453,8;25;9;17;22,11.735863203995594,0.8388985423025286,0.2605285503595758,0.2797901526659384,55.833494029838114,0,8.276042668343988,0.1728507062163019,0.10727938195506341,1,134.05083676220173,0.07,4.0,0.0,0.0,4.711759181763466,1.0047166610794596,0.0
1428,2;22;15;28;27,5.027056506070298,7.982814633781214,2.736565073652052,0.0421185066756253,64.20582511879189,2,8.898363508819529,0.03686360028567419,0.22968900355195623,1,84.31186466792313,0.05,29.75,0.0,25.75,107.76974257371948,2535.4688413366093,1.9181680815483328e-11
1463,12;8;29;7;19,10.786432509261571,7.126026115458099,1.3678895823490436,0.28841425180423336,74.7737072044815,0,7.611244246486069,0.09407956196382933,0.15912475436077397,14,85.40176625649919,0.09,4.0,0.0,0.0,74.04232516454086,435.2432106542582,0.0
1455,17;28;30;1;11,15.97074730707979,3.3776214726532183,2.1408517538990037,0.7367384950210168,85.05651110010606,2,7.026301093211632,0.2051018622314295,0.13407764187129395,11,93.66122793062681,0.11,3.8,0.0,0.0,111.24293449583938,1601.7528280270697,0.0
1467,4;30;23;9;2,8.545856234118276,0.11827902516704958,1.1401875081902433,0.614392564560861,25.985863661989526,5,7.472655023107346,0.11631872164880018,0.22958937859403755,10,57.565753791145,0.01,3.75,0.0,0.0,0.0,0.0,0.0
1460,27;17;30;18;28,19.095788557616814,5.43244493974848,0.07608082802791158,0.7784241737003429,68.70856825336347,1,9.098090167760073,0.16198549367259407,0.21301782259673516,9,42.05330532720485,0.01,4.0,0.0,0.0,91.10087680260929,1.6566199641229353,0.0
1458,29;15;30;7;10,18.14980167212286,3.3301124301119636,1.3213124491167243,1.1624283023131599,96.58332214994381,4,5.969501988335714,0.010492951220519641,0.2011840936344084,12,68.38873961825686,0.03,6.4,2.4,0.0,136.40395648654942,748.1486452777044,0.0
1410,30;1;17;24;15,2.325003664500796,2.7055321604363303,1.79371416312556,1.6106956890082662,49.455048052119864,3,5.876163245968847,0.28002007102345533,0.25327971038359093,5,62.003064888862596,0.11,78.6,66.8,7.8,89.03268319186927,899.9239486077935,5.06351758825526e-12
1472,12;16;23;9;30,17.109992896944156,0.5529921660660453,1.1640606268915386,0.9973836770519627,56.96599154767128,2,2.870804023475048,0.2757226200197385,0.09707509830755935,10,5.768687841111719,0.11,3.8,0.0,0.0,0.0,0.0,0.0
1468,16;10;15;13;11,7.4413962222930765,6.908294541363037,0.06954830016088609,0.2904439598311162,49.84975493391759,0,4.496667491491165,0.16718932114075966,0.17124541552252068,5,85.91046742454562,0.09,49.6,0.0,45.8,172.13197438105297,2.6156791015494836,0.0
1424,26;3;14;7;29,7.742589257698904,4.013252302328011,2.7481348294651706,1.6684351228315142,52.35006723839677,2,7.814528295124775,0.29978126505838365,0.17527897650084498,4,18.76833387508617,0.03,56.4,0.0,52.4,220.67668091738588,5235.792042420656,1.1949450626278376e-12
499,9;14;22;29;24,12.909993407556259,6.273447135018996,1.3887525390987012,1.687596493158822,3.4384617248965244,1,2.414825130869486,0.05134553168539265,0.2316551173147005,3,51.8593330468644,0.03,1492.0,628.0,860.0,5400.841216124645,32723.595370480383,3.7246736989003655e-10
1461,10;16;22;9;5,16.795682827741082,2.6705641090699195,1.8228594442877022,1.0626749312513717,82.7446406763215,3,6.4591289569451265,0.1908393553703089,0.007308930757402332,6,21.880926656888835,0.05,15.4,0.0,11.4,113.03706678416543,1179.9867141644681,0.0
1475,26;8;7;11;9,7.244431303235125,8.557585022950619,2.656670530578358,0.6472379489269989,63.91214941057852,1,8.94819099377751,0.2848761596596892,0.28968446017661076,7,82.251896568006,0.07,3.8,0.0,0.0,49.162071723153744,1090.0726552816348,0.0
1438,24;10;28;25;5,13.153765443143495,3.6991926484972315,0.3593397054570228,0.06945875960277625,42.21817288971778,2,5.434142573495604,0.213940992668418,0.05513495546486804,7,122.23393233257963,0.05,4.0,0.0,0.0,91.77441266773874,37.22904548410507,0.0
1416,27;7;3;30;12,13.972188736465807,3.0490247215056865,1.7678949735954959,0.7590198680986027,94.05457503435362,6,8.367332530468794,0.05082066973446112,0.017802904136292985,4,124.5355685734629,0.03,63.8,0.0,59.8,443.44283389973145,4354.120418568981,2.1131487609912919e-13
1371,21;5;29;11;13,8.925786022750266,2.0823227718545914,0.5209417698239535,1.2393738896408848,45.69696451062541,2,9.101788785513321,0.08169630476713237,0.28581496765378617,5,118.63202099198728,0.09,153.6,121.6,28.2,666.798226868226,568.4897927140835,0.0
1457,19;1;30;13;4,7.438494371975909,9.971448427252245,2.44670451166833,0.2563959329818567,93.61678478953212,5,8.190363933945067,0.16521028942977656,0.07865593095242278,13,122.31937232857442,0.05,4.0,0.0,0.0,49.964391976168784,939.6660260906883,0.0
1433,8;11;26;27;13,16.7164033372191,5.054753971722682,1.5175442232817375,1.7285560563833184,54.222068301851024,2,4.318718149082628,0.15093828732853334,0.0359428831313041,10,88.07206397266648,0.03,53.2,49.4,0.0,550.3004560684585,3981.3692434181294,0.0
1469,24;7;29;17;27,2.289959040343569,9.71918782646889,1.53396941071295,0.8038823766620522,97.43175488491956,6,7.523431300040376,0.0977401202780896,0.1375224306380573,13,42.42457960318114,0.07,4.0,0.0,0.0,15.6563200982883,115.73719786168229,0.0
1470,18;24;12;2;19,10.725670691686359,9.27942689367895,1.8040385029119563,0.9931687710412297,22.410789650437447,5,7.885051937975176,0.17280008474803346,0.16500182951250938,13,138.08037632557696,0.05,16.0,12.0,0.0,112.24722281899683,1147.6701388712622,0.0
1474,2;14;1;10;26,9.95895473998765,1.8743061462932609,2.2446284028722014,1.4358411909800957,82.64336338754029,4,1.4240357740604843,0.20698878480829122,0.1806557644942011,11,51.26095921207906,0.11,5.75,1.75,0.0,69.71987694217994,1103.5585825627677,0.0
1322,18;7;1;19;14,6.1861737393597345,9.277431946861496,0.5294438345342366,0.623450694251351,5.227259565320519,5,1.3326802135219424,0.0015806152692796837,0.005415598554023082,3,3.621237303081888,0.01,241.4,0.0,237.4,570.1847338132126,502.1173735203048,0.0
1479,23;15;13;27;11,8.528282575114497,7.689545376990834,0.35077598447184877,1.0830100692674964,24.161250238206954,3,7.785990433018145,0.20527397608679787,0.1019029003449212,10,82.72306396411322,0.11,51.2,47.6,0.0,249.0742186105239,96.28050368122584,0.0
1489,28;10;22;8;25,1.3138976623040537,0.5508915035866235,0.9798387960202785,0.25770060928806,18.61532346698741,4,3.4400434592631877,0.02655915227328035,0.039690226948562266,0,90.79338751870472,0.07,4.0,0.0,0.0,0.0,0.0,0.0
1464,6;14;1;17;16,1.2798112754771283,1.3428875980508836,0.44613010190740093,1.1379915743233622,34.64078475507903,4,6.604721590254424,0.04519944247086346,0.15437195062897077,14,109.80531259607001,0.09,30.8,26.8,0.0,22.379732128295245,13.993547031578487,2.163783157911513e-14
1430,3;27;10;29;13,2.4397576364060947,9.546044719887655,1.5043297417625452,1.7978575822167506,62.49629507366148,4,4.439185456669311,0.15003856138344718,0.23743990767019318,6,27.141643547126762,0.09,23.8,0.0,19.8,28.191543415699066,200.42634633881127,0.0
1477,17;12;26;19;21,10.71088135518083,7.475874312586431,0.9636377545590545,0.3091295825381258,10.690601416419888,4,6.448830035124393,0.266323773858873,0.22768547930615615,12,46.64582715263052,0.05,4.0,0.0,0.0,72.92960627163362,212.75577413872898,0.0
1490,23;22;3;16;11,1.918038425285624,1.0128264980231116,0.024923317833770442,1.945335658309593,78.01489356910487,6,2.2847631345007375,0.05718970833185959,0.22731905498960286,6,95.78653913858317,0.07,6.0,0.2,2.2,9.90671625200825,0.019332646438301425,0.0
1465,4;9;10;3;17,4.393083435406424,9.454885765163448,0.5485179026860618,0.9844765127298603,68.14485636025805,3,3.224281697708935,0.2999117074814178,0.08622778544638157,14,30.917224542955164,0.01,4.0,0.0,0.0,30.051220268393315,28.404921802298496,0.0
1454,3;26;29;30;20,0.852992454912593,9.27734066399214,0.965810030040584,1.5016446273078035,77.94136966203848,0,4.5759953295955835,0.09425990248375073,0.06966979421090222,13,79.25269353704964,0.05,30.4,26.4,0.0,21.347354446217928,62.557207841825196,0.0
1495,2;22;16;21;15,5.745581643673327,0.3800857861998552,0.15886150535315746,1.4758217708268124,23.080678932701172,1,1.839456603387254,0.21561483098588144,0.15378466442168362,3,31.001256691702928,0.03,4.0,0.0,0.0,0.0,0.0,0.0
1494,27;6;24;15;4,9.06794013024409,7.365585641219868,2.5267647272744536,0.4763814420229781,80.93468078227484,2,7.036616912800854,0.12512199714849698,0.06492359821281997,10,13.371130229354174,0.03,4.0,0.0,0.0,56.66886205786515,1136.6427231142575,0.0
1481,13;9;1;5;22,11.069628297614946,5.391467538004948,0.9077341799442591,1.6455529457328986,96.53899882720027,5,1.3552803292369011,0.07399581216612412,0.1402155185561637,12,18.451569928743623,0.11,4.0,0.0,0.0,65.35802717647478,169.18668644676768,0.0
1482,15;13;25;6;22,5.976534192746789,6.7141728960284635,1.3331353228535319,0.17962541243680483,62.66017082684723,4,3.4946705817805226,0.06159579779994731,0.004840076881252397,9,49.101342538321475,0.07,4.0,0.0,0.0,40.7117934522124,227.31001915095575,0.0
1488,25;2;21;23;3,2.3972323576311276,6.4531380080453795,1.9206416086406555,0.652976742787881,70.05715473018743,4,6.480814645650242,0.2107811568768926,0.19323717967416476,12,11.6418344144098,0.07,3.75,0.0,0.0,16.617144480966367,192.5745691770723,0.0
1497,13;19;28;4;6,3.9455387968481284,0.039933850026856454,0.8715650155617524,1.6803994217573295,97.6972299176726,5,6.4538239331400895,0.0782461674863498,0.16188816630757488,6,9.736971734681932,0.09,4.0,0.0,0.0,0.0,0.0,0.0
1496,21;30;4;24;13,9.516468722767545,4.391926810467636,2.4343943269165664,0.7911326499303246,36.04834350593534,2,3.772007390292918,0.2785744562851472,0.05631736231483377,11,2.2416620301204238,0.09,4.0,0.0,0.0,0.0,0.0,0.0
1498,8;21;3;20;14,11.991515745491105,8.95281802518255,0.9637768769360989,1.8190692315458963,70.16909812975986,3,6.317862005830758,0.2148640280835851,0.1470998286394546,12,17.255679962020082,0.03,4.0,0.0,0.0,65.58703740838934,191.39072680452358,0.0
1486,11;17;7;25;28,4.986851129172419,2.0492770807742335,0.595987402670619,0.5731177294829689,0.6586933006308859,6,8.668492130499674,0.17911363065247837,0.008173263886146453,12,39.66986049170607,0.01,3.8,0.0,0.0,34.8840177877157,38.926963901685724,0.0
1473,30;20;2;25;8,11.12350501880047,2.211241020111898,2.767207386887104,0.39554412700862446,95.26687670756932,5,2.2645479220387426,0.013547803948797787,0.14298460865759807,5,33.464458395216106,0.01,55.25,0.0,51.25,256.8437883345899,6178.774653220204,0.0
1485,16;8;7;3;5,7.016823164175068,3.991298277644656,1.6153703521646225,0.7478625836656225,25.223453848604017,5,3.5625969110244466,0.24386684919822235,0.1034344175864991,8,56.12730703712095,0.07,4.0,0.0,0.0,48.17346802435681,394.9135185870786,0.0
1404,6;5;10;21;22,6.764131713036487,4.993390818858726,2.541786151769346,0.7669070792150792,6.368845241990783,4,1.3063462512035662,0.18811880006452017,0.2579123637690692,4,30.93348017917674,0.11,138.4,0.0,134.4,372.8761649738552,7568.1985018154055,3.424557907490799e-11
1466,10;9;11;6;12,13.123858799483994,7.043971024701639,1.641834322143423,1.5992688131689612,47.472305721389894,3,3.415367828605092,0.25889901549452793,0.16965875208825507,11,12.661676423497099,0.05,3.8,0.0,0.0,62.436281115140716,528.7441318792811,0.0
824,10;8;26;19;9,13.894198841720858,5.741656833700186,1.004953235491257,1.511473729087234,25.708580981159056,5,8.766879098665251,0.15788905627120567,0.1979814270394305,1,50.273786725509225,0.03,618.4,281.6,332.8,3038.342504966852,9640.028269171587,2.5122068473339575e-13
1500,6;2;16;12;19,13.474705609161669,4.023157286282217,0.37434384171062995,0.3759880600651044,33.80076478336147,3,4.7224089429641305,0.23839764294982754,0.2789894360876098,12,17.19119284370413,0.01,4.0,0.0,0.0,62.18573942220594,27.376760797786325,0.0
1448,9;13;29;24;22,10.357355046512001,9.830735465853767,0.12487144116459897,1.703985320700182,8.360039361114923,6,5.56073975007388,0.15968555616020025,0.24215088963481057,4,128.68795344183098,0.11,112.4,37.8,70.6,442.64311016371505,21.683522224521433,0.0
1308,12;4;30;7;26,11.45211889770958,7.543941424633407,0.3970418774243085,1.0869812540102917,42.407638945100246,3,5.277369777428999,0.03589402472289183,0.1693134386631706,3,120.92429612983769,0.09,329.2,193.8,131.4,1409.1011678890923,697.8541718229131,0.0
1491,8;3;22;26;15,10.562257696955458,6.409161071210488,0.39454413194703986,1.4305814501100418,66.856902380249,1,1.7221782105420174,0.010974835859745135,0.27657043788210556,14,37.54477607239486,0.03,13.6,9.6,0.0,134.38488662893968,65.71908058162822,0.0
1484,3;11;16;29;18,15.212523718212383,6.949224980363585,2.3854711327543057,0.9136700728716596,22.545760201452037,5,8.717326994791563,0.2285077227349076,0.09395610717538708,5,127.57433312941095,0.01,38.6,0.0,34.8,291.64515846898956,5213.783276647397,2.0385254831096865e-13
1444,28;20;9;16;2,10.024193203709377,8.649984143250448,1.77343950282774,0.02157189571765633,80.32939086581979,4,2.515652719118855,0.19895799771339762,0.2236707999404349,0,28.184185825082462,0.03,750.75,0.0,746.75,2357.2299244286396,23290.809028917673,8.73216107573537e-10
1370,23;4;21;30;20,17.28065861093711,7.247579736741956,1.4146090676437604,0.06954323655365063,71.54369445090369,2,4.755045692838676,0.04936791238405112,0.0657128962463496,3,29.99034278602885,0.09,164.8,0.0,161.0,1075.909664335183,6763.92146520418,3.925400921514938e-14
1506,28;18;13;27;8,6.9112686914508314,6.829295302927481,0.04063608572416561,0.6869435350566381,50.47960961101639,1,0.6297395834160957,0.07081569502757971,0.2036958209332589,11,92.64209259319266,0.09,4.0,0.0,0.0,47.808334793053724,0.24801458745004093,0.0
1513,19;30;25;13;1,4.413601357721928,0.6052446961526337,2.621073792786457,1.670586047947904,58.05269861394488,4,5.225998440589695,0.24985181402199177,0.16601354939810037,7,51.099971429547836,0.01,4.0,0.0,0.0,0.0,0.0,0.0
1516,20;9;25;21;12,2.197119264249886,4.35395480999846,0.5146149082399717,0.31979974067395434,51.21498796478944,6,5.921452943093014,0.16269318156975085,0.21566900912967188,4,139.98962658117966,0.11,6.6,0.0,2.6,18.62738974112389,15.497676850895013,0.0
1502,5;21;18;6;16,2.4809503921736042,5.0050639653131395,1.7886020132746294,0.04217596677815693,34.54888521503885,4,8.08798144721738,0.23960909424317145,0.24434999573013055,3,8.044526168034121,0.03,10.8,0.0,6.8,23.871258154804597,239.91235437056648,9.61940040121458e-15
1515,18;12;21;27;8,16.56313951349911,0.09034210528709896,1.9761541826208258,0.23712466030424925,26.383875210204344,5,0.8525634036153612,0.047846945423860164,0.04735821757028292,12,0.24393550932048091,0.09,4.0,0.0,0.0,0.0,0.0,0.0
1503,11;4;30;22;3,9.189373273265431,7.281269987814991,1.6051211436278356,0.32576712596532986,12.978636620962536,2,2.682707036550017,0.11050126975228387,0.13636460949945842,6,29.277793516159576,0.05,24.0,0.0,20.2,103.33870049639685,836.4278787670653,0.0
1365,25;3;26;8;14,14.867271125852312,6.2086183956071235,2.761449372162121,0.5784710594670093,40.26844928972578,5,2.9055691572422795,0.09137386323126098,0.09776658397648909,3,64.05621756090667,0.01,199.8,0.0,195.8,1126.737073339249,26992.718631627336,3.7858040480158886e-11
1419,17;29;7;25;30,15.96102002586907,8.350653652262993,0.05246314030071039,1.648057041481436,18.34555916964442,1,5.873860959778787,0.11474567961422814,0.08059288443505486,7,69.33139201902377,0.11,107.2,103.2,0.0,924.2492410467976,7.991853989200925,0.0
1508,29;7;18;4;21,6.529023829636462,7.473055793133572,0.8445828703535464,0.23319615499420168,10.752069474371629,5,1.6917919932578553,0.11798253547912645,0.24808682253996706,11,12.837588615426727,0.03,4.0,0.0,0.0,43.69986524367293,97.92971898297705,0.0
1254,27;5;6;28;15,13.845834724385963,5.259512739551472,0.520498689945193,1.5051404211979467,48.89668051435019,4,6.0997500045188175,0.057994337007691917,0.08806672287528224,2,108.37235918161012,0.01,428.4,227.2,197.2,2255.5865419398597,1919.7675607078206,0.0
1341,21;29;4;22;8,4.524126837281296,2.5468747132095526,0.9845950665552493,1.6340211186363052,46.172379881210865,1,0.011453435791597098,0.1142624859717849,0.015070940918718311,9,114.13614757948974,0.01,239.2,235.2,0.0,538.4726830651227,1639.943401225201,3.176301990842325e-13
1255,19;5;24;25;11,6.660876088918456,8.767393502101715,2.0926455704672122,1.8383996849236095,11.67673475332338,1,9.198354145809278,0.28888968734847553,0.03183502361450391,4,91.29004198851231,0.09,299.8,269.6,26.4,858.1626239541041,11806.218736046898,3.2364845145425335e-10
1483,30;7;27;26;24,1.1739524025215058,5.531635117593164,0.6293066036608441,1.0903249450593648,40.69924162122413,4,4.534906573378366,0.1868310882990842,0.2797436145887695,5,123.73683394916301,0.03,22.2,18.2,0.0,17.16506923682001,21.35600482711262,0.0
1313,6;15;25;11;4,17.394219787419924,6.842020779360992,2.694367063707212,0.1416875830275415,13.426753030889294,2,6.949649453755458,0.1756941441430934,0.25033836684698774,2,48.03828117124357,0.09,274.2,0.0,270.4,1748.0016502123658,39866.23596199728,9.591207637539199e-11
1520,21;19;14;15;11,7.02102151476449,3.938462657091737,2.1628311553880026,1.207687854576246,46.575698022823865,4,3.4360698001404524,0.14020990501532785,0.016933144854912117,11,133.98007812274358,0.05,29.6,25.8,0.0,123.32471712903892,1812.3631969620205,3.9745326771789264e-14
1511,15;25;2;17;29,9.154547230953481,9.301421532734933,0.6607629710392047,0.4924909491318766,51.99370466325767,2,6.697053688401243,0.020615640520300627,0.019128252551947,13,112.30636633975418,0.11,4.0,0.0,0.0,62.23643805713874,85.36620915109786,0.0
1526,13;4;17;6;9,7.7838565881420365,0.18335805433172592,0.9167241422766085,0.18383883375245524,87.68257798703962,2,6.1338908471085425,0.0515543590682191,0.05817664406470356,11,65.40955261711655,0.09,4.0,0.0,0.0,0.0,0.0,0.0
1532,9;28;26;27;24,8.76189519036918,3.120390824803878,0.23263331464168654,0.050213894998768015,63.716376330955526,5,9.033301295600369,0.2397584143375079,0.14788672201696587,13,31.227981418759462,0.11,4.0,0.0,0.0,59.45358643330155,10.108151626948949,0.0
1432,2;13;14;5;15,5.229462843517185,5.392392017323787,0.9845378951162662,0.09005227081879617,9.782324812151932,2,4.223991335478525,0.07928474418483737,0.10538040228542672,3,75.0334468885378,0.05,178.0,0.0,174.0,422.0506674504551,1285.225512339284,1.7453165899572116e-12
1522,13;19;15;26;23,1.4885329714500535,1.4607119865379536,1.6989598113648745,0.8491322090639103,8.93271674022802,2,0.42621260108682063,0.005113532866010406,0.13296900059648226,11,31.84725421900849,0.01,3.8,0.0,0.0,2.927918575097821,26.55064520116366,7.325033797130915e-14
1518,5;25;7;23;12,15.925232445637148,2.113838104066174,1.2580838022463505,0.07674400600518166,29.25425891462353,4,2.5719147486036746,0.2879922368316422,0.1067358035731782,12,26.533598066403858,0.11,3.8,0.0,0.0,50.932749644089974,253.25972850380768,0.0
1512,29;14;4;9;12,15.715508108777621,5.816920518935426,2.072137193525462,1.157245572157173,36.86179756563972,6,8.745058513837407,0.004567201839072166,0.08266152724396965,10,47.608578740276236,0.11,4.6,0.6,0.0,99.01862643977111,1335.6841810691421,0.0
1517,21;20;19;15;2,0.5614070978570117,6.2872099670015755,1.0324574215240314,1.0174269324827843,72.76615785453153,4,7.9104937150636365,0.05474177593520556,0.1792709281409763,2,133.01747807264658,0.05,5.25,1.25,0.0,3.5956775508532637,12.041342574061572,0.0
1510,15;9;1;4;11,17.21803725144228,0.9420103078490016,0.560386285900843,1.044469417355893,26.191806538697726,2,7.049416332094369,0.2868953066559468,0.12728035781818947,10,116.24773747078552,0.09,6.2,2.4,0.0,80.11839731590406,79.04185476321031,0.0
1524,2;14;17;13;20,6.4348191020825425,1.2278146907115417,1.8703743277359517,0.880378236664157,31.94115358209857,4,7.813696661267207,0.09088096257840879,0.04939997187301611,12,67.47848682959129,0.11,4.0,0.0,0.0,24.92917374271922,273.9774522467368,0.0
1381,3;24;10;15;28,18.99951728615834,6.860710983059921,0.48990580200926404,1.3754880491436055,96.13950492998615,6,4.130427435890415,0.019568509955197565,0.10822086891949173,2,119.07490206789734,0.03,231.0,64.4,162.6,1666.1922935860027,1256.3196711922053,0.0
1538,11;27;3;8;7,8.830591373971819,0.23018159623299006,0.5658953995830587,0.27791339755017946,62.22713811348578,5,4.653035460285206,0.12833201393876212,0.011304256777013433,5,3.1924540486613973,0.01,3.8,0.0,0.0,0.0,0.0,0.0
1535,16;20;17;6;1,12.699539480190644,8.33510030087075,2.676706857514924,0.4193769273788781,87.39878615195416,4,5.950383954221081,0.262645808219462,0.20366548219111508,5,111.42846285712326,0.11,46.6,0.0,42.6,257.6914888371892,5800.3148783558845,3.275815115462045e-12
1420,14;29;4;22;1,6.459693243403293,6.418391896004133,1.6330425667739403,1.7052676757234042,41.15694549516012,5,3.8210506825073574,0.05801660207909978,0.08105043933670368,4,61.08492615512658,0.05,221.8,89.2,128.6,503.2328772224141,4216.1289934008055,3.1985746377306246e-11
1528,25;12;11;9;29,0.42380866748102225,3.4754466820637364,0.5863734826209359,1.4871387914871368,29.687263260331896,2,3.8594886383598275,0.163713401363295,0.23250461623939545,13,123.7815265222354,0.11,4.2,0.4,0.0,1.2350992208323643,1.3341368031564524,0.0
1519,3;24;10;1;4,14.367405192147654,9.973639690291675,2.038950717712312,0.3997270770279036,5.416839804854656,1,5.7537886161961795,0.013388117958908584,0.10773225197605266,10,124.55868544719881,0.03,4.0,0.0,0.0,95.79171708763207,1251.0978809361804,0.0
1523,20;26;5;13;23,2.995409008724656,3.707736140850445,0.3439634057237676,0.4273889863751555,80.36135622513298,3,5.877473037583649,0.28083853794645997,0.19682659894263593,13,121.03914293143407,0.05,3.8,0.0,0.0,20.93503330644082,7.781225649744043,0.0
1501,24;27;9;28;23,15.989546153648568,9.044843723777888,2.29779750884726,1.9063458401911084,63.576918214756596,3,4.320547827819691,0.169479948010633,0.11189616470348553,6,68.6782792439319,0.11,65.8,26.6,35.4,414.10033261195514,6868.769782333865,3.4959544887517163e-13
1529,18;6;5;1;12,5.08480766908098,3.0408424197191186,2.761632208598345,1.1352048385017748,52.701248340157434,5,4.6176820400106395,0.1031858780454062,0.09763307383756559,9,18.50499218969019,0.07,4.0,0.0,0.0,35.47138070119537,849.8839829175843,0.0
1514,5;16;19;27;26,2.304908955373301,6.25672127301164,0.06486742023416374,0.1958610560998425,47.66333937601536,1,5.152620520178453,0.28943103683892224,0.1614659568160121,5,32.32259722082224,0.09,17.0,0.0,13.0,30.03500764409485,0.39703690102812805,0.0
1545,17;1;23;14;22,3.6472375980029113,4.657006974919817,2.438755769685827,0.1470064585115884,98.88202986840652,4,0.44846616335954637,0.10556595866154264,0.12266185405242297,5,117.13058474374553,0.03,52.8,0.0,49.0,88.3625939305638,1651.0299395370282,2.3520130701085637e-11
1534,4;16;23;17;1,0.8131528438866816,4.365730413082879,0.296256507467891,0.22707369043851738,7.337116631510376,1,4.68260194514335,0.11158589938160672,0.016300601373736377,9,59.324650764342934,0.01,3.8,0.0,0.0,5.6837985425731805,1.5671997236015547,0.0
1478,20;25;29;28;4,17.019497764433652,6.877654014350477,0.2604999253094266,1.3101277172615138,7.660181633996366,2,5.57796812155364,0.01999681189471466,0.23972976358203507,11,131.7320478805387,0.03,79.2,75.2,0.0,706.8608830099524,150.6950641864408,0.0
1540,24;25;16;3;18,17.431318842492825,1.6937794358307046,0.3483017432583744,0.13769169449442195,50.85232735044508,2,0.16604554655133819,0.2983486857626247,0.236527733586135,14,65.55083619929509,0.05,4.0,0.0,0.0,89.76456180747982,34.21102482619527,0.0
1553,25;11;24;22;19,17.654828548752484,9.274266786478174,0.8337542833336462,0.4918370260058434,25.27604125597682,4,1.297450066533187,0.05713570157830835,0.06997189305661208,5,35.733297160358006,0.09,40.0,0.0,36.2,294.4956945338925,643.1391964972075,0.0
1543,9;6;7;19;20,1.483873103321937,5.954097101356957,1.8755770968352354,0.11206107010531519,8.143415627646277,4,5.441500980731413,0.18243053827899017,0.291832226961213,9,103.13001287456503,0.01,4.0,0.0,0.0,10.309825422926668,113.93863853702467,0.0
1546,10;8;17;21;19,15.880344835868039,8.45023607662635,2.5128082615897323,1.5615457041377192,65.5564467652844,1,3.0155025390278714,0.1881158434522813,0.2901901554274102,9,13.477153918534853,0.05,4.0,0.0,0.0,63.058928207039095,1250.8785926308633,0.0
1551,2;16;19;14;3,0.5770607691142472,9.580575742815302,2.4988323763292097,1.2409883615205826,69.67062120418422,2,7.237377031389338,0.05504227804103321,0.1358255977855272,12,21.728153662710387,0.01,4.0,0.0,0.0,1.3185997532887843,25.866466835359695,0.0
1552,23;19;11;26;18,15.397366235398984,1.4715470414696274,2.196413155884716,0.5967460949513608,44.584588687522775,1,2.3007785530155918,0.09230357008515229,0.24359723311713488,8,36.45287218679938,0.01,3.6,0.0,0.0,34.38405121065248,521.1166991854647,0.0
1426,7;8;18;11;19,2.424031221240592,1.5391794238622747,0.704060176663517,1.3160028231813372,54.45079335900951,0,1.4988504638029145,0.023887222803263185,0.15265429274620515,10,132.1014228259163,0.11,170.6,166.8,0.0,234.9746998593627,365.92369845502554,2.6712739468328097e-13
1547,18;22;5;7;27,3.497792228779898,2.91959903150085,0.8659681031210833,1.0187721839287807,72.72163377762806,0,5.592909216737876,0.2821414826120438,0.08980959808328978,11,25.11475893510522,0.05,4.0,0.0,0.0,24.44780864641333,57.596169560028486,0.0
1296,16;22;21;14;2,6.563137686247943,2.6059733020678033,2.2100872486121736,0.2688470493899729,35.682684277210996,6,2.212337218948639,0.06169318277034281,0.08279930344325322,1,76.44665645533287,0.03,435.25,0.0,431.25,1241.0965069612475,19044.705606932093,3.625844833499155e-11
1525,21;24;5;8;16,1.9040226739942565,8.401218127894083,0.3516865196440203,1.681675370227004,85.14871991421802,3,1.7499912738270218,0.2040929679633843,0.1267888944637375,8,55.813098428076685,0.01,34.0,30.0,0.0,39.30374940098794,15.271978307921927,0.0
1527,28;2;10;9;23,18.733005998442223,8.535442466157985,0.9413533804043785,1.6293113772439132,83.66869526301262,2,1.063484618170504,0.043325415771198826,0.2669491102589549,4,5.676344349828588,0.09,57.0,0.0,53.25,406.461889551161,1131.5534613863904,0.0
1541,2;25;9;24;12,2.9704882765242195,6.387290405727625,0.7273802012431605,1.8288555363489822,61.02517965911007,5,0.9565347489541582,0.2035029323053335,0.06854020983123943,9,23.062396982325048,0.03,4.0,0.0,0.0,20.63480483516977,34.29834699357623,0.0
1256,28;24;12;25;21,11.157334128358855,6.937583898027782,2.063314377408809,1.1766316041289364,81.49015655055751,4,1.029046744866613,0.08210435475151018,0.00043971853192120713,4,56.85185178692317,0.01,200.0,63.2,132.8,772.6520319125453,10333.908992676676,2.3174995318393118e-11
1557,6;27;7;23;14,8.839751284302084,8.32507348515245,1.2839110509901555,1.759319557201976,98.33387431081344,3,7.712925974499461,0.10045480550224463,0.09527892401061111,6,130.09987464663416,0.05,79.4,55.0,20.6,313.2266242148713,1622.1029591114232,1.6611110441044635e-14
1504,13;16;29;19;24,14.411026653714812,8.172280137529318,0.22207354207547997,0.8752556942084613,77.6841735020335,1,1.6176948852428095,0.07043026877701221,0.06047294962027876,1,70.1611462395371,0.01,449.0,0.0,445.0,2354.4169799214733,364.77653456517953,0.0
1556,2;14;30;17;7,15.11466637740811,2.2080449078332984,2.2576705529520917,0.8565532154047726,70.40443395176898,0,1.5207926099497564,0.06265713970569742,0.027949303958464778,10,131.4590350979941,0.07,4.0,0.0,0.0,105.61268674940203,1691.1693562971564,0.0
1554,26;12;7;13;16,17.298832752573517,9.994609140734095,2.520915033763227,0.08392986585696777,26.46302247136193,4,1.0234585122707254,0.2792888894330704,0.06761476049793846,10,48.66345032319431,0.05,4.0,0.0,0.0,102.28674916629889,2042.1407211711037,0.0
1558,6;17;10;19;5,7.540008703109965,1.3453063802482368,2.2624376425333783,0.6466104979712008,84.05668810579435,6,1.5354216701668202,0.15858781758590768,0.24358213156455988,8,51.87152539048845,0.01,4.0,0.0,0.0,25.63091299764527,412.161275283759,0.0
1570,9;28;26;4;1,8.84278430551789,5.330220306966775,1.7166954719785708,0.3678764798820039,10.407351950249023,3,1.4959363038530522,0.05163463993031224,0.23936591764915824,14,59.53718393177858,0.09,4.0,0.0,0.0,61.21836724788214,566.7847262348544,0.0
1533,1;24;22;6;7,8.354324827747796,6.693212762223566,0.009997472031465858,1.1646771489360048,9.97710064236882,4,2.9878268572735314,0.23035407032145544,0.16256900831381194,6,21.51358446280337,0.05,65.6,24.6,37.0,210.49143964880258,0.06609440645265348,0.0
970,18;11;7;3;5,5.787162580664147,3.7053582076811264,1.2664493982402734,0.1015041543347205,55.20031838392341,5,1.1047863247068135,0.09226302217517575,0.137758921554748,0,22.84830523567959,0.05,756.6,0.0,752.8,1801.4862294253248,9077.296122218544,8.2194207253905e-11
1476,22;17;29;26;4,8.361131626986154,9.51526415190457,1.643211996359524,1.0739855207148126,62.8677811090717,3,6.334145264739914,0.06436780314764351,0.061260384918717575,5,64.59218005960824,0.05,181.8,90.2,87.6,523.2617907664111,4438.703029071887,1.5880682235203854e-11
1320,22;25;28;30;5,7.164834553546214,8.554552038775334,1.3305528546782697,0.055486982747321105,73.71009549423835,1,5.061511640452782,0.15094473069436284,0.09365398976718638,0,97.27058773001914,0.09,261.6,0.0,257.6,838.0601011864076,4661.109438411401,4.081049597480099e-11
1560,4;14;12;20;9,15.156619230972629,7.701135038651154,0.7822356326466137,0.0745051369260358,0.5854507164081979,3,6.817723779959411,0.27673805489041364,0.1262429843239142,12,44.881555359549715,0.09,4.0,0.0,0.0,94.92848324354028,182.48266083314883,0.0
1569,18;30;27;24;12,4.78610937767819,7.653381316659963,0.18946440957112015,1.7069144253464716,77.28459304148481,5,3.571379157871998,0.1625138455883751,0.011179301421206255,4,132.71299715653265,0.01,115.6,59.8,51.8,226.62976532288855,25.557719734785724,0.0
1562,21;22;12;15;24,5.361444235420454,5.595275230403869,0.29328185800431383,0.14152019288217108,80.35397049910932,3,2.7995634370199394,0.1858216661734763,0.058657617828691416,10,29.046078363691592,0.01,4.0,0.0,0.0,37.27501124132658,10.072518036724157,0.0
1446,20;28;2;17;24,9.348440771639194,7.97319100649328,0.2922106966429694,1.4821437054456745,58.598180699281656,5,5.789077993893081,0.10165166494251801,0.1539952678483374,1,124.19899687074363,0.09,259.5,141.5,114.0,961.4992538966501,257.9235772310157,0.0
1550,4;26;14;10;23,0.8557169095003895,4.273985372026968,1.1639489604622177,1.815279898110115,27.952811577055346,2,8.295190193941616,0.29514785419671447,0.056881123429787024,12,84.79098576322852,0.05,19.6,15.8,0.0,14.791976880708688,62.95699138726782,8.304402920576665e-13
1542,8;15;10;26;29,11.50334767861039,9.658432914265374,1.8281670413296374,0.12176696965136213,38.62284679211282,4,7.650589922248325,0.03513564844584738,0.10431526436746326,5,112.13689938927932,0.07,44.4,0.0,40.4,226.00348566917938,2372.9946563957046,4.231833239409395e-14
1571,20;21;26;28;10,17.025130684390344,3.8165439348011185,1.2269616309868867,0.08899014597324029,45.909238437627266,4,4.962405692529211,0.21651811550205521,0.2538561306628949,7,13.730721096567791,0.01,4.0,0.0,0.0,56.93196626987515,269.25763061509065,0.0
1583,2;21;30;26;11,13.711613202413915,0.6527218498119436,1.3293190241488806,1.031343814817027,43.48186674764555,6,2.5259872268125547,0.03140629996320482,0.1252650331826321,0,54.565800075244134,0.01,3.75,0.0,0.0,0.0,0.0,0.0
1573,23;10;2;21;3,7.180980922472468,4.365020673526838,0.5617665495890085,0.6077243727460387,85.05925382787065,0,1.9691193855828275,0.05925635461280576,0.03174889444802913,11,85.79709017412843,0.05,3.75,0.0,0.0,50.057117748959286,49.6280788355814,0.0
1561,27;13;14;24;18,0.9197779574589364,3.767653033125722,1.6016985191152733,1.578678861381366,33.5848033327677,4,7.868026375527486,0.058036933474621875,0.05494476281467736,10,77.48135210425579,0.11,15.6,11.6,0.0,11.097439993284539,89.4405015959502,1.3900817327925576e-12
1429,16;17;6;5;19,10.363152766203267,9.748886414304094,1.9356094700407391,1.8003446433046664,4.803763036278086,6,2.4182204623498063,0.030978330877944313,0.09105273621664306,3,103.75193734188197,0.11,245.0,74.6,166.4,844.9823792850668,9945.646105428248,1.9441239221849853e-10
1544,15;25;24;5;4,18.481565092630788,1.3933091710884704,1.1558081365225672,1.8737540948864992,57.59098506156356,1,5.05804485857951,0.28010890244320996,0.08167741000854473,7,74.00150556157743,0.05,30.6,26.6,0.0,362.8729107252943,1522.9158823729904,0.0
1582,9;24;8;6;3,4.407074327840562,1.746302648442627,1.5549971571413423,0.3437125297210502,77.26518141328606,4,1.3587466127829082,0.12581335645606911,0.01696405203968242,11,9.833211665553055,0.03,4.0,0.0,0.0,1.1024386215946058,8.374588778782089,0.0
1576,20;2;30;3;24,1.5841302103675945,9.085584029877458,0.7785184837723449,0.12315448348019772,72.84917100868056,6,7.695103078224778,0.18657713087023625,0.1970733002518579,5,102.12908461594944,0.03,4.25,0.0,0.25,11.012846000465405,20.969462340610768,0.0
1575,20;17;18;13;25,5.3347000774955635,4.729149228026759,1.6295527631155633,0.6775577397495599,85.59871142837756,2,1.2662237355329675,0.07551889200665177,0.02965361039238492,11,133.21624672720176,0.01,4.0,0.0,0.0,37.11012512360476,309.584454854877,0.0
1581,16;30;18;2;15,1.7504731213124147,8.16996686713602,0.12078658921723825,0.3297560605011855,79.06326468535451,2,4.6095237455712414,0.17407946001626698,0.1985582884143885,9,52.51756870983024,0.09,4.0,0.0,0.0,12.11344309772643,0.5552069729308344,0.0
1588,9;25;13;21;16,13.314392821302595,0.9697189282527474,1.6846422071435532,0.8056093722934726,55.96236443671169,3,7.6705640709202,0.19575466085100507,0.2884043700062557,8,92.4703151677539,0.01,4.0,0.0,0.0,22.63992726882443,201.85534545000718,0.0
1579,15;9;29;19;24,17.49498872955078,2.0941278217824335,1.3540367795232577,0.7083492865929027,17.6263513645844,2,5.365680893995288,0.06677806318577757,0.24401183416168493,7,113.27893827338292,0.03,4.0,0.0,0.0,122.29588810877794,704.4053573061924,0.0
1572,4;8;26;10;3,2.420324603521063,1.161892896282939,1.9757194817751202,1.2638569969670082,88.12724178346382,3,3.5538432357505263,0.02441062241879328,0.11588720295459207,9,94.09664586724135,0.03,16.6,12.6,0.0,29.262524022485387,358.8493967334511,0.0
1507,12;24;16;7;17,4.620872027132974,9.41171663886707,0.9242915128761092,1.4492621805159915,57.30917045182683,2,3.6090986404334826,0.08162113362170605,0.23605442243422556,10,139.24156670350456,0.07,121.0,117.0,0.0,267.96405207588384,719.1911583664669,8.894656076031441e-15
1521,27;15;18;26;28,11.58203420756781,3.9095044384430766,0.07851176271049515,1.1857041069327792,86.33101774099138,3,9.148549400365342,0.1894873905521135,0.12569011627320548,5,95.97692540356495,0.07,122.2,63.8,54.4,582.1150711453478,11.272705787252054,0.0
1549,4;23;19;20;21,5.195611568369389,8.38368048156857,0.007745783680990392,1.7984725535940782,63.102720444092306,3,6.865275851916918,0.18712170602157782,0.0802812819435539,4,134.9070354510227,0.01,79.8,68.2,7.8,210.22775914356163,0.03962512653616442,0.0
1564,26;17;12;3;6,5.988898626645492,7.306148535574911,0.9966725337797916,1.428637043911322,35.00036683636763,4,8.07599424701804,0.1408954904828989,0.09761690395879209,5,107.01744457318068,0.11,58.2,38.2,16.0,158.54943879618807,494.78846021756334,0.0
1589,12;30;8;4;17,8.525807212521034,2.1645782453741758,1.3161772883797547,0.5791255919580278,49.29329565555797,1,8.094708270510225,0.1936513092712762,0.23755326201384355,12,24.453975698124182,0.05,4.0,0.0,0.0,48.11860107566263,261.8735589491651,0.0
1599,12;30;10;20;9,16.676799848350626,0.5063310271372012,0.9377853768636272,0.4187955140634533,61.95699364322371,1,0.38833222524650624,0.14565701449372934,0.1533723139998287,8,116.8323637565878,0.01,4.0,0.0,0.0,0.0,0.0,0.0
1389,2;25;7;14;17,7.26055151843764,7.608927981238249,2.755521589115712,1.2880105535396018,60.49431859585588,4,4.541014853255432,0.08912822678296993,0.13378334522510996,3,103.69399527153335,0.07,320.0,182.5,133.5,833.208185516972,19875.178444791367,8.372881714382607e-10
481,12;5;29;20;13,5.4617564748337655,6.970954070131953,1.7184314608864943,1.131638688809484,54.998314948201546,1,0.6832786228069917,0.12279955443560214,0.2958578067841925,4,67.88433631788251,0.09,1118.2,522.0,592.2,1955.15355969144,18138.241330435547,1.2091050187987076e-09
1591,7;12;18;8;14,17.21056561319389,8.89199456127437,1.367410079212138,0.22418979743113307,33.850939571438786,1,7.208318538117995,0.15929042342736563,0.1839389198121714,7,64.20832767717673,0.01,4.0,0.0,0.0,111.27326238274335,653.6394372294683,0.0
1584,10;14;28;26;1,3.7514980716069872,9.93519402862211,1.5933799555700592,0.8978485663880552,37.48274911343887,3,8.951838368173087,0.017978959400784554,0.2626490035480525,6,8.655874987259365,0.03,20.0,0.0,16.0,39.61351276315023,315.9598705987656,0.0
1385,22;11;27;8;12,4.556183626598251,2.8025282573663612,0.13671743737101436,1.3588261299539472,97.73931134438718,2,3.815521804803492,0.00028397760372066426,0.042117219948366626,3,44.88788200523728,0.03,178.2,0.0,174.4,384.22996609912263,22.562588562123533,0.0
1492,15;4;22;13;24,13.987636717264234,4.668444928681669,1.128795475444672,1.6956536786389818,29.334801777703532,3,6.738787927293162,0.15058979717619514,0.005415096372083816,7,131.52055857828927,0.01,57.4,53.4,0.0,417.04187746748994,1669.3986566208848,0.0
1593,23;21;19;16;18,8.55277502526661,5.218816733844607,0.23302069675467724,0.30536325676899084,58.06623566090964,3,3.0387485387705637,0.007606090974336233,0.21709218611995107,9,101.08562104491259,0.05,3.8,0.0,0.0,59.476060265850165,10.145677622499736,0.0
1574,28;5;24;14;4,4.8218591524746515,2.7232415847279015,0.5106573252831934,0.409723586859216,81.4630690242466,5,3.8422569562353237,0.1808090485493129,0.03333961106378056,0,83.72848039961073,0.09,222.6,0.0,218.6,546.3687381355119,447.60491543489724,0.0
1606,23;22;13;29;2,13.849234807757993,0.08127571476071571,0.03522834568242547,1.935104967585466,49.53688118047611,5,8.266871021263308,0.09709327459417778,0.03620223369051669,11,123.70259386118866,0.09,3.75,0.0,0.0,0.0,0.0,0.0
1447,22;12;3;26;21,16.265699422526254,5.043555321971968,0.5603094585219113,1.6294756079803963,97.8623121945095,3,8.715350984138913,0.23175273492836196,0.24009069129372776,4,69.36006885566914,0.03,166.4,54.8,107.6,1058.264017529898,1043.757982831373,0.0
1595,5;11;23;24;14,6.933917453872792,7.71052494767538,1.9634717799318537,0.021835000203781547,1.7387807258485544,4,5.185228527171885,0.13972553822196956,0.015474393449340195,8,57.47970078929712,0.05,3.6,0.0,0.0,47.569228314156575,576.1363890765795,0.0
1585,17;4;22;7;5,14.269760970961668,8.899110812878275,0.3701561890324459,1.8177236529064367,4.040160184846386,4,3.5893132133541092,0.10515159878606997,0.23084015908276398,8,121.34153857441757,0.09,24.4,20.4,0.0,204.65862412298662,88.09473494936823,0.0
1594,7;14;10;21;8,15.407403390259748,5.358198904584258,0.9620671867120969,1.3978384038129992,24.95198557226459,3,9.017749780432105,0.22867767337135644,0.00209247125574471,8,35.3070405500765,0.07,10.0,6.0,0.0,112.83532720874203,328.0996522774173,0.0
866,23;17;13;3;14,12.327408532681636,5.817949852323897,0.3855553486415796,0.5541245554114718,7.490344274591465,4,5.390377845874903,0.02690913409257104,0.2950605542456831,1,69.8336083685106,0.09,372.8,0.0,369.0,2024.0434965659035,945.2423657842362,0.0
1602,10;28;13;2;18,11.610725749404653,5.252010577256581,1.4400606520060188,0.16677769797128833,74.19629677212157,0,3.0807117068999763,0.038792539184455556,0.29648675033652777,10,42.37139892476051,0.01,4.0,0.0,0.0,78.29204402580106,510.0691675231186,0.0
1445,4;9;24;11;23,13.58338595680923,2.1715990897800443,1.0569297050714939,0.10975870021569807,43.13885414476325,1,7.895981243509044,0.09516939649290085,0.2577764052561428,0,86.85707384115118,0.05,222.0,0.0,218.4,1611.0157468635807,5653.818545065924,9.208155350655705e-14
1580,4;6;10;19;17,14.266196155690656,3.5936805750176983,0.6457981966953671,1.3200593660135873,80.36590765287629,1,5.552913871365893,0.23124006687024068,0.21894164372833716,5,87.50525087555978,0.09,408.6,190.2,214.4,2251.2256340285794,2949.5961242699145,0.0
1620,4;22;18;7;26,15.453791775981289,0.518705169643946,1.939413721489388,1.7066352830098006,2.3301976450651574,2,2.07199615777832,0.17294409076823772,0.268369699963141,7,0.8868089501474463,0.07,4.0,0.0,0.0,0.0,0.0,0.0
1621,8;25;9;6;4,17.85238124073512,9.549477858382383,2.1819817987006576,0.9917164675286302,94.64274185676116,5,1.6791001095521982,0.24907475300023435,0.21866350438196677,12,46.31635561813345,0.01,4.0,0.0,0.0,90.22897543486661,1349.5784836863324,0.0
1539,15;6;8;5;27,15.770478669468336,9.768849620260827,0.3825303441813196,1.985431576769584,12.677407806812102,1,7.612471269563181,0.17954123979760525,0.03582248072731672,10,36.74468796701349,0.01,59.4,55.4,0.0,536.8292706833362,246.78447942100507,0.0
1618,24;30;23;10;11,5.723130911062731,0.8847136735002881,0.6363028952290799,0.2376101509528715,77.13377926166635,5,6.944616017161447,0.18603761200969768,0.02483228379994049,6,12.572004300529297,0.07,3.6,0.0,0.0,0.0,0.0,0.0
1604,23;20;14;13;17,1.0717028702152145,2.944418116499561,1.5302497527029622,0.7027867113587734,45.71330944446169,5,8.50283301482212,0.11926254412250845,0.24641364895176526,2,31.929362889216897,0.01,3.8,0.0,0.0,6.29933266347274,46.34138959459226,5.863274172788928e-14
765,29;11;6;19;25,13.387081828374123,9.423834824551916,2.5254047488738074,0.5964792005186424,38.12745249915791,1,3.648564253691599,0.24067238422592813,0.27201130617861413,1,40.5653946089796,0.07,579.8,0.0,576.0,2227.899513335142,44638.28050118205,1.7637580014893183e-09
1590,27;16;1;22;5,9.007736197224782,5.884752892563219,1.3645227480941826,0.8540803137984652,75.83986860211031,1,4.11640178587119,0.08653239381013454,0.004665521093843794,5,103.38683675696886,0.03,49.0,0.0,45.0,197.60678599754203,1155.8814331297756,0.0
1615,22;4;24;29;1,9.846628960503445,1.3196961693398335,0.18454353136415735,0.21257668680209785,55.73324046300876,4,0.5345473325658785,0.016337899935667997,0.14066738522733224,7,58.62522794182184,0.05,4.0,0.0,0.0,37.90574034306171,4.055575677239774,0.0
1623,12;5;3;9;30,1.9723194841391922,5.687032422152329,2.3047576760272594,0.595857703611188,2.4864657509897747,4,3.4394230252383635,0.04010722963089825,0.04963382242931367,1,0.41550084378714214,0.07,4.0,0.0,0.0,0.0,0.0,0.0
1601,7;28;11;6;26,3.0779595219977853,7.056656957079497,1.5557635225060549,1.4652802860376934,81.26171528106822,4,8.992394869982597,0.02466813853639502,0.04184843958186358,8,77.77885791422014,0.05,30.4,26.6,0.0,54.26102509872843,412.5960214726297,2.4916045812129397e-13
1610,14;17;10;5;18,9.13586417283944,2.0917719733948905,0.5732712401631781,0.7679878921037608,53.03773088767837,1,1.6740109529641853,0.28924609668660894,0.0332733016062842,6,75.77151062177533,0.09,25.2,0.0,21.2,112.24191253873,115.88447036866437,0.0
1608,23;19;11;9;28,1.3762871681911784,1.6403769925317369,0.7988175079213149,0.7875617070273073,38.72434943841486,1,8.160697667058256,0.20081208874071912,0.20037441659989552,7,59.39585610863477,0.11,3.6,0.0,0.0,9.633512214798934,19.31210770289281,5.373926622878014e-15
1624,9;3;2;18;24,2.930443945633091,9.59489708141836,2.0636459217351373,0.6358874520326566,97.32308866820382,3,6.54312386046536,0.1495351056181762,0.11603123463509803,8,138.98806873496437,0.01,4.0,0.0,0.0,19.9862285462164,267.3936497488253,0.0
1598,24;9;30;26;11,1.3245377682242792,3.9114401485633077,2.215103721531937,1.3734310788398216,97.344313958647,4,2.646288735303291,0.19039644783647755,0.18758619704863008,1,124.95896096113486,0.01,37.8,30.8,3.2,29.62440869364392,456.65445273116836,1.271741571735932e-11
1613,26;5;15;30;22,12.975415017858088,9.494101766787733,1.0279635907673006,0.6578314617504674,13.5579235849423,3,1.0365674432238672,0.060444252802447536,0.18234129871259053,9,107.46402727350812,0.09,4.0,0.0,0.0,87.55599005812981,290.66397029215904,0.0
1628,22;29;28;11;14,16.99733460934029,5.023658345839891,0.36977284519449916,0.11362040785632285,80.87780387328537,5,4.815944521002076,0.13336978170703337,0.09973437946465906,8,31.735297911949964,0.09,3.8,0.0,0.0,74.20665175679216,31.87592079522629,0.0
1633,30;9;27;18;13,1.1910210487748236,0.5754639520005445,1.0328272621861045,1.522573982462286,41.86993816973798,4,6.830663145108083,0.14597575613013528,0.1579421695675668,2,95.72536401461106,0.05,4.0,0.0,0.0,0.0,0.0,0.0
1629,2;21;24;11;10,12.475486941601392,2.1762296893355684,1.4650025719132815,0.31527404335180603,69.31345901344503,6,2.3101576616069575,0.11486241892094957,0.25969645999448193,14,59.41424661670952,0.07,3.75,0.0,0.0,82.51751102636247,556.3816099275623,0.0
1352,20;13;10;1;5,7.900590495316821,4.853821471243323,2.317373283917376,1.1747117613231373,70.19293346263049,6,2.743026641315804,0.2767540602322712,0.2874569033044839,1,121.9185549603998,0.01,244.0,80.2,159.8,755.5409895239512,12746.76252841574,8.748780647227669e-11
1555,30;28;26;22;24,18.871934822745644,6.51985279028759,1.935613876795909,1.7231352780892966,84.25330698364274,3,8.896023567036984,0.0735117059250716,0.26808236741179825,3,24.155753311104725,0.03,125.6,0.0,121.6,865.7608959113795,10190.260649992284,3.138380597020781e-13
1625,29;23;11;18;24,0.7372752395022024,2.2839083242206915,1.1669125237079725,1.8381433893580983,0.5663012866122696,2,4.222233648207802,0.2573263374519863,0.02285093858609519,5,132.52782671459025,0.09,7.6,4.0,0.0,6.976060999623047,29.84260591444818,2.0831777941266545e-13
1334,20;27;3;7;1,5.0099172545886805,9.075533663924048,0.3475646171900099,1.5714655386261445,61.46668522828048,1,4.40647325401794,0.12652158464354712,0.014048535761628633,11,68.57802448063323,0.07,247.2,243.2,0.0,571.3592173993004,216.83542050814327,0.0
1326,6;2;26;25;22,12.51961957147821,5.355126177426741,2.427167581753139,1.2325720121867207,72.4102730223697,1,4.06519644263774,0.19490081857351266,0.04854748451593057,2,33.68086066099852,0.11,447.25,0.0,443.25,2003.0916616382003,37072.35895335217,1.273246952905428e-10
1614,26;13;9;30;20,16.22168482461996,7.46655605691656,2.7329051299405744,1.2073583743553813,83.48222729464744,3,7.197889655622967,0.2585026262871558,0.1936136754729163,7,123.86980372629965,0.07,44.2,40.2,0.0,373.1975518592265,8756.645545879468,0.0
1622,25;2;13;12;27,7.991978440956074,7.629809719418964,2.2610170793518263,1.0300524165232368,40.09459413071039,1,4.90399262920293,0.11743241728693604,0.259443838062702,9,133.1146621155141,0.09,250.25,246.25,0.0,850.2693535399947,13655.703688493097,2.3090777150989775e-10
1631,8;3;17;14;16,6.507057693162202,8.416084336297839,0.8129730328990064,0.4383822712578737,18.34686658420307,2,7.8236699849228355,0.2843819010573923,0.29231592798408845,8,44.96334494323382,0.01,4.0,0.0,0.0,44.30423552587261,91.99143626995493,0.0
1563,4;25;17;10;16,11.84155424418551,8.570529165812724,0.6081865133909169,1.2257306384308608,22.083184248454234,4,8.601743739402613,0.11247275789377678,0.17409676832051946,4,15.640620643661688,0.11,170.6,52.0,114.6,699.5954371836416,812.9623103255541,0.0
1638,10;2;7;15;18,1.1057539383733184,8.14265888490747,2.6146503109878823,0.3429228436332472,74.97742403468378,5,5.150579193025784,0.11628453056448348,0.21169385645089644,3,99.16543597856376,0.09,4.0,0.0,0.0,7.5974633544558206,163.17202899070654,0.0
1083,21;29;15;24;16,15.189243951193415,8.798043632134828,0.030599446487306857,1.1829600938139508,70.34947734253889,1,8.53908290305284,0.18377334834026773,0.21078744635961685,1,101.59486689986947,0.11,881.0,624.0,253.0,4657.03663926,13.698930699998295,0.0
1637,9;26;12;23;21,10.171669565410179,5.653271827612412,1.433947340428857,0.5236266778785584,63.39604423524072,3,6.66577996793378,0.20368381213107858,0.18415541816077907,8,75.85337697555445,0.05,3.8,0.0,0.0,70.40089030404543,454.7727456152062,0.0
1636,17;25;27;18;29,17.53714279479622,0.911099424455224,1.7708198625640343,1.8899406404577674,96.61064247787077,2,7.300122387550787,0.03558652395276233,0.21673972093670896,2,117.49997705642153,0.03,9.0,1.2,3.8,78.90198353518963,777.2962332706122,8.223407908041851e-13
1359,15;1;17;28;11,12.55493778330608,5.789477799882866,2.1957103467082963,1.6198753747282344,65.34023121379114,0,0.09949772578328132,0.23263053979497084,0.1503313645328295,2,19.84929088473599,0.05,454.6,0.0,450.8,2050.902047570974,31063.106676727784,1.5052832626600833e-10
1630,10;14;4;25;1,13.113933352431806,6.172883294627,0.8505699001490638,1.7948411402687894,64.43484171382721,2,7.537429734673366,0.003990697384424302,0.041438119368665906,8,40.225809620367244,0.11,13.8,9.8,0.0,157.78150938818231,358.6129750680424,0.0
1645,30;14;15;20;27,4.316747436419039,4.421470923486309,1.629528010450566,0.48801909218575856,76.8341871137463,1,8.173140834484482,0.22789728581093954,0.15234895123274603,2,44.746649981216905,0.11,43.6,0.0,39.6,127.17323722369454,1060.8873217485466,9.551949146236656e-13
1493,7;18;15;25;3,6.414815600543124,6.022161924665288,1.66350241995792,1.4055980974216717,1.0900349840764822,1,7.242794139140863,0.20101166365619957,0.12270509883214115,12,58.18247703680953,0.01,234.0,230.0,0.0,705.5188280505664,6133.4574230401995,2.741510983223721e-11
1612,8;23;22;20;9,4.837374318698307,2.044973839530906,1.1614874049411872,1.6189725573725262,4.8450647503207716,2,1.3612428168022914,0.19103465370692255,0.027034675014026687,3,22.383948705437383,0.01,79.0,7.6,67.6,159.28749023051006,675.0882538835243,8.802575060754496e-14
1634,20;15;11;10;25,12.664203822903044,7.43243270196983,2.4463319461682405,1.8516041742075424,31.195580227522,4,6.931960262646029,0.1547122915609952,0.045817104395609085,13,137.0506028618552,0.07,28.2,24.4,0.0,206.95846901763434,3891.0234587077866,4.325033891390274e-13
1654,11;21;29;19;27,3.680386393094598,5.018017623805006,0.7948467053259642,1.6157917277478042,76.54893491831682,6,6.011399819550854,0.19321643296648383,0.011588628760366914,3,120.32493210362057,0.07,37.2,17.4,16.0,82.94398858950436,164.6271823965691,0.0
1373,13;23;28;22;19,13.13134122533275,6.205178616105896,0.6504760269894831,0.86805800292393,87.9385465366073,2,3.489232154786214,0.04519079554562483,0.10951426491371062,2,32.202325201637066,0.09,398.2,0.0,394.4,2047.3169599144699,2721.4323797559086,0.0
1656,6;26;11;1;28,0.020447593965949928,0.8272312455165098,0.18705963640639545,1.8743399072943636,32.54697517378512,1,7.194511358578056,0.06146629640436918,0.13048388794904867,10,63.47890745555297,0.11,3.8,0.0,0.0,0.0,0.0,0.0
1607,18;17;1;24;14,6.051227942757156,1.8281138813024644,0.5748092605395638,1.947496582475699,71.97478276583465,6,8.539668136739847,0.10894369045335124,0.0974087712311036,3,87.0398655410017,0.09,80.4,34.0,42.4,240.09474296280783,249.21836140617393,0.0
1650,22;6;1;21;18,1.265187870119577,4.440315233144201,0.8421270007511716,1.8076228602916087,79.96070855811158,4,5.870505434299166,0.27838274538335794,0.17336483027643945,10,6.676596747281711,0.01,4.0,0.0,0.0,4.925436278715443,10.973616077906762,0.0
1652,11;18;6;8;17,18.346365435058438,9.16795715441036,0.18894057211233764,0.023269948706341716,83.88081750154689,6,3.0329154185030007,0.1453800404105135,0.26768944517439,12,81.973150640856,0.09,3.8,0.0,0.0,123.90223042722964,13.895668639205704,0.0
1368,11;10;18;15;24,8.306004395761757,2.220267908101307,0.27834967520776194,1.5433742756438587,13.736987025974578,4,4.352767359618812,0.005084431308069226,0.18718367689355367,1,22.23624380595944,0.07,466.2,86.4,376.0,1606.223116603063,390.9643718339689,0.0
1616,6;11;1;21;2,5.5127131549668285,4.746345270088995,1.0596010300352818,1.4083591863755147,51.57771695021379,4,7.094282945397457,0.13789938011635738,0.059561798458151134,2,117.240773096077,0.01,119.75,95.5,20.5,334.1424524950964,1178.5995533089263,9.27597698904122e-14
1658,29;20;10;27;8,7.611132407640068,7.916134797584925,0.8895987560018837,0.9946509418946784,8.617935673585908,2,2.586472190409284,0.1748096778227393,0.2926405556600147,10,62.100822781366105,0.05,96.4,92.4,0.0,354.3395891469962,880.9634364966598,0.0
1657,13;20;25;17;19,12.161323314944882,8.584449270023564,1.1866704589236423,0.16346654395883162,56.69720537928825,5,6.691990032982099,0.10788353833388283,0.2045396033894086,7,62.57936698106492,0.07,4.0,0.0,0.0,81.46292238542966,360.3878333230599,0.0
1666,11;26;10;23;3,0.4873275462630271,2.5185477065348625,0.583962738889751,0.5645462573550085,82.89005093655017,3,3.609019146878709,0.18884560247152216,0.2824933596564193,13,55.28388061258526,0.07,3.6,0.0,0.0,1.3560409835909868,1.4527569498333817,0.0
1509,21;8;11;16;10,0.9036668267793899,9.958396212484095,0.7264559618828023,0.22183578786627872,26.899558424053094,1,0.41259159539083606,0.2554442715894159,0.09763982063500182,1,22.20028767989498,0.11,49.8,0.0,46.0,25.238148916881823,41.84330266854219,0.0
1653,23;24;20;18;27,4.108056123109165,3.1596390154578122,2.3833493483163024,0.1758510102686479,93.71503564155766,1,8.046649311687192,0.17353302638586002,0.2771887687055651,1,97.39978431619797,0.03,17.2,0.0,13.4,59.079593418761156,1054.296540011236,2.5655721857705764e-13
1659,17;20;11;3;25,10.3061351523113,7.876138229064464,2.0479430173494615,0.7544705062732419,5.043639276337286,0,5.274982016732345,0.05957728713926068,0.18637391603356232,14,51.201052634097344,0.09,3.8,0.0,0.0,68.28303648735479,899.7014808479669,0.0
1668,17;22;13;29;12,2.5823913538519956,2.0759219262103112,1.9198162310220204,0.9139933991628957,71.77733764354586,3,1.4494055746150243,0.08920827702350959,0.17203660664375156,13,36.21435645383223,0.05,4.0,0.0,0.0,18.057032961752085,209.08148772736618,0.0
1281,23;22;16;26;1,10.871104112640245,4.987916777642926,1.2880787034394316,1.1788519045863048,30.003617307099518,1,1.3422684885653113,0.2939868359827398,0.21869929417238418,9,65.59309620191432,0.05,188.0,184.2,0.0,1076.0412938498205,5608.718073227757,1.9728137007148294e-14
803,5;24;2;16;28,9.41550133556225,6.960646078783272,2.7525894022954502,1.7297831263693455,45.14472680174406,4,4.5250108603790125,0.09677636490314934,0.17732147204142465,1,74.73213551930456,0.09,901.5,479.25,418.25,2567.1165790312416,61105.222684834036,2.2736394763203216e-09
1586,11;26;15;8;21,14.718100319226505,8.715830917516465,1.451864383582552,1.4783909845966254,13.359348275338846,1,0.40761059067785854,0.14203796379964964,0.16094491185905685,11,59.97895603079994,0.05,121.2,117.4,0.0,895.9409982376125,5933.096144001678,4.816006230301437e-13
1587,10;8;14;26;15,16.439076863940894,1.9040923434928225,1.5412006968310663,0.026138193405819587,13.41687661639559,5,4.163981851031883,0.013972150728952758,0.2685198444337863,3,76.58413761565083,0.01,140.6,0.0,136.6,1058.3908590910164,7897.949390103914,2.858172880654313e-13
1662,14;11;7;20;4,7.398856689498692,4.596730308928462,1.4385295524645036,0.8438025371372883,20.811813930463984,0,6.1372603074739,0.16731734418277963,0.16805403939406757,12,87.93007576716634,0.09,3.8,0.0,0.0,51.472680468033694,334.6295074504275,0.0
1605,11;26;28;9;1,9.41990710243355,5.870171020653958,1.6502482566103631,1.4728790901253388,33.41069317860196,3,7.71862969396695,0.07139558751274484,0.01714495532512178,8,114.38753340437198,0.11,52.6,48.8,0.0,268.30179278496234,2295.4720682472193,5.98184708038491e-14
1670,20;30;14;10;21,5.359952207443516,0.23928382146384486,0.847953115727463,0.11687406821272772,9.088344188223996,4,6.753020973334206,0.2976942173072819,0.15728451758378548,1,38.704861307791795,0.05,4.0,0.0,0.0,0.0,0.0,0.0
1663,22;27;25;11;20,13.275342093839589,2.103165367488704,2.706121822738683,0.5916269364646491,73.21406913880625,6,6.57830534923331,0.22211130823944705,0.10423923998123821,9,109.72865276136596,0.09,3.8,0.0,0.0,92.79780755250596,2134.9232921891535,0.0
1665,1;24;20;30;2,2.865105851408117,2.767419302409108,0.05960756659272097,1.5795548723902957,87.31715902164167,5,7.867490807249909,0.09589573471723652,0.09456146242538972,12,69.1245549957114,0.11,13.5,9.5,0.0,28.979409532054678,0.323476093951711,0.0
1677,15;27;9;24;7,15.373095415601039,0.6216087581304974,1.8590979522627333,1.7189181098250281,95.57662869466988,3,7.404546175012927,0.27722012158445036,0.2061338202368773,13,65.22082740549746,0.07,4.0,0.0,0.0,0.0,0.0,0.0
1505,13;7;5;27;19,2.9972575213209924,8.936394131315465,1.6146588133765047,1.3372178688328566,49.756810815162275,1,7.013844609190978,0.15225006270134914,0.0509328769430969,10,46.613722049114095,0.05,230.4,226.4,0.0,319.92460183440437,2620.3484423887267,1.3332968781245077e-10
1566,18;2;9;1;30,8.504581452095895,3.6108827022571854,2.794705699402148,1.589083074568309,8.826331435420487,1,5.80851841186388,0.11210486380072858,0.26993226709472284,7,91.70013360588163,0.05,235.25,231.25,0.0,965.0492186481188,23679.44381137304,1.1419112080396717e-11
1450,5;8;10;29;20,1.1829162388765655,1.8807068685311845,2.6244774312501242,1.519808684351606,89.79411374137055,2,5.105708794726314,0.15688671060792567,0.296179499184051,8,89.07355670316907,0.09,108.2,104.2,0.0,66.2240034145177,1433.015833906778,2.0752083210059964e-11
1418,18;26;24;22;8,16.06615302817536,9.261956528724847,2.7496780668679124,1.0105778861109458,78.21740709714302,0,5.509982592275248,0.09798554418875306,0.0940452382439059,2,15.314057553894937,0.07,375.6,0.0,371.6,1696.378842433303,40293.632291595946,9.074139776780813e-10
1221,13;17;27;6;21,15.763287036118726,3.9988368048399936,1.1266301516283965,1.381108150253445,20.8313561492515,4,8.218332470840611,0.00371686387210105,0.010852936136384994,1,21.992148120779554,0.03,814.6,324.6,486.0,4350.725514791557,17348.994018359674,1.3086664497275289e-12
1537,6;21;11;23;17,10.187351539920186,9.368704665638594,1.7998146055674482,1.128433680908484,3.893200190263313,1,5.522978320264148,0.2678760654583879,0.19229449635951812,9,120.76021152097856,0.05,215.2,211.6,0.0,1012.820092034055,10307.129307209947,5.4580764088959755e-11
1531,11;10;20;27;2,16.247699007210425,2.864236678949814,0.33459832348240554,1.6570373437142933,97.79682459220903,5,9.084643950531133,0.28812721508809985,0.18867623893803592,2,56.63764142069087,0.03,301.0,26.25,271.0,2258.127783852796,794.2293064888261,0.0
1642,11;8;26;15;6,3.97429668282017,6.826987587206958,0.01586859668450997,0.4739775971191014,86.06841760759013,3,8.06388367175495,0.18695553648213162,0.19346712861823911,3,89.49104147911565,0.03,18.0,0.0,14.2,60.87413076890611,0.04815702949231539,0.0
1627,16;15;5;11;12,9.595469918791977,5.648828292159983,1.855108357784945,1.1772374177425327,81.30980465023472,3,5.660377284938481,0.18429748000064605,0.004581095135604796,4,28.356082487349678,0.07,120.2,0.0,116.4,478.18736323878136,5169.9522493096665,2.272153785012065e-12
1679,8;30;25;18;12,2.578514186898414,2.271518484519607,0.6431361533524019,1.8547103298107679,25.944404325728488,4,7.954692836632846,0.2760931748405965,0.19799422877029038,11,14.530384700642156,0.03,4.0,0.0,0.0,5.41446075775144,7.0357586073567315,0.0
1686,28;16;3;18;30,0.20256647386959376,1.9439117281320994,0.4780946242680805,1.5366736533695486,84.34947539768271,4,1.061532696657949,0.18971492823264294,0.18664828740570188,9,17.102838228025945,0.05,4.0,0.0,0.0,0.04060180462709241,0.02915566360491901,0.0
1688,8;29;27;30;23,16.935971424957803,6.347060965088923,1.012371479692675,1.5835437851594174,12.299851364688907,2,6.454243244840494,0.2567996662901006,0.26713867484129905,12,0.0031830585385805854,0.05,3.8,0.0,0.0,0.0,0.0,0.0
1682,30;20;10;5;21,6.465408260377953,1.0207341714982432,0.9527388707133687,0.6086021381292862,36.16084228212642,6,6.049440833276536,0.20327124283826506,0.18015029001193716,11,86.36801422208507,0.07,4.0,0.0,0.0,15.523701582932699,44.26830840638251,0.0
1675,16;7;18;14;5,18.951377821890006,5.5026181867472745,1.503988447270947,1.0730597410979092,6.935700292136215,5,5.763000201575335,0.24804285556737718,0.12658228497843987,6,29.407474753872375,0.07,13.4,0.0,9.4,108.4627516403719,770.7605736778548,0.0
1689,28;5;23;18;19,0.26099192990331316,2.4409009560448105,1.088638022873519,1.5626651848613056,64.21137286271103,5,2.823845727679265,0.1280083178922662,0.2881912403320479,8,85.8440798975236,0.07,3.8,0.0,0.0,0.19143777927237923,0.7127619677049293,2.4376184730624617e-14
1648,28;2;24;6;15,11.837399985776896,2.38822595971755,1.1277822816735152,0.9718447644295781,85.30940548619402,6,8.960762835301098,0.046887850741558545,0.2926515526108321,4,56.30729486892546,0.11,94.5,0.0,90.5,491.9981818923171,1965.9112366682273,4.67326933105544e-14
1696,4;27;30;23;29,4.180506881299745,0.20119950205750636,2.4258199051295373,1.7775868521189135,95.21492902951042,5,4.243477762918732,0.25786688295651766,0.2006126322973727,8,49.96384449594058,0.01,3.8,0.0,0.0,0.0,0.0,0.0
1226,21;14;12;16;2,4.952774943590921,7.270696884515106,1.7254068183647773,0.4218231823546245,29.135874180618625,3,0.6183619119886667,0.003972546320235293,0.06768860087959996,1,37.29439355608537,0.01,691.25,0.0,687.25,1289.1539040845412,12056.955575043503,8.348236601450621e-10
1577,23;25;11;2;21,12.056713164165217,9.757891615451149,1.945524192432658,1.341598391577143,35.7486887270973,2,7.111915059965111,0.03648273125433148,0.268765819604739,4,111.86441431926526,0.09,268.0,167.75,96.75,1258.0808408304895,14960.003407626979,1.614542885927341e-10
1685,12;6;16;14;29,18.548286805282146,9.103994643237112,0.1100850666427858,1.3499600041754045,62.94400560498584,4,9.022225290298843,0.20198531259644376,0.22777911471418577,6,3.5597370534046413,0.11,11.8,0.0,7.8,88.72959055344646,3.3781207517924017,0.0
1684,17;5;28;26;6,13.010419291766226,8.580664900188763,0.9235369345130748,0.9674961102943423,57.816334573813535,2,5.562104783010229,0.1263434672354336,0.1497818476404047,12,61.49962682039011,0.03,4.0,0.0,0.0,87.07828363764324,233.3287584813982,0.0
1694,28;15;21;17;8,7.77367000715272,2.388692650445848,2.141197389927759,1.5695533704211664,99.8976373459598,4,5.36975633710803,0.09339631646533002,0.14401556895875536,12,9.965838496553573,0.09,4.0,0.0,0.0,4.6626313939377315,67.15747619733871,0.0
1548,1;9;30;3;10,17.900271739955556,5.528424571061681,2.335897481341041,0.6993997111495139,77.39129184946142,6,7.517251721628425,0.23667716765981234,0.11434128578467612,2,12.74912387618109,0.09,256.4,0.0,252.4,1595.060617228298,27342.27340954262,1.6588108773571943e-11
1687,17;8;2;24;23,14.969217108221576,5.047846308358668,2.443633348152084,0.03315793857532211,40.19131662066175,5,2.5936584647799292,0.05228668334473001,0.1978559091605321,6,100.17011780781354,0.07,23.0,0.0,19.25,177.54888547652422,3330.7336887661736,0.0
1388,19;4;26;14;10,11.155435745094458,6.331777774462833,0.8443342379369712,0.6377437884916534,93.76206705502386,4,8.484676499817718,0.1519832891173097,0.18138568952803538,1,14.344119071386592,0.05,447.2,0.0,443.2,2036.7692052913505,4561.634593864302,0.0
1698,14;2;9;20;29,18.50747878257683,2.1908058735910685,1.7644502560095345,0.9487858253265042,81.74539867578228,4,7.53352553901361,0.15512640405240866,0.15440636598283972,6,22.756521176661753,0.01,10.75,0.0,6.75,82.01262479002433,802.1386125114127,0.0
1692,27;1;4;12;25,12.336953071598689,4.42341233866261,1.7786159153706567,1.9071667531109935,2.6273900449719556,5,0.021801165979484737,0.05398249260599489,0.19726283690375304,10,42.63422792229982,0.01,6.6,2.6,0.0,88.06574415713438,875.2280548292935,0.0
1700,3;10;16;14;8,0.815012787267567,6.459108516476416,2.111531014140646,0.7147129023308684,59.23150929841678,2,7.790267180476141,0.24128808964450565,0.23908222505773746,8,9.932948937975432,0.11,4.0,0.0,0.0,2.831480958278341,39.66052396448227,0.0
1703,27;30;23;9;24,10.346806468278954,1.0610864587595803,1.5716056159557665,1.2631811827239252,53.62188412563249,2,3.3238997514162825,0.22270597099106518,0.03814136188894308,10,69.25218486306868,0.07,4.4,0.6,0.0,22.43465049920231,174.08298502887027,0.0
826,18;8;30;2;23,4.997091498242171,4.087305229994667,0.8886436470183919,1.532989444327766,20.13517563107463,0,0.498750239852893,0.1599868567512975,0.14131520125299996,2,80.89493101527961,0.09,1700.5,826.5,870.25,3259.3819625275896,8086.124269312821,1.7831772352976753e-10
1709,9;18;26;28;23,14.406667170127353,0.27068922752158775,1.704433912971123,0.48305092361698526,82.65833413385639,0,2.970169531561422,0.17028622310335825,0.1418082957914326,13,59.79510431652947,0.05,3.8,0.0,0.0,0.0,0.0,0.0
1603,15;5;26;24;4,4.09878846853019,7.706737677793547,0.48933378258167654,0.44486742644454125,18.635228456013188,3,2.69937610787667,0.07970875296666885,0.16331995171452435,2,129.32570674464205,0.03,147.4,0.0,143.4,291.11569780714177,218.99081322289803,0.0
1690,11;12;9;23;1,5.593134971561554,0.9469604999893289,0.2132262624310147,1.8929686023935393,38.65308194737844,5,7.725983171341259,0.19099135728566893,0.048816293887606645,1,133.09498323383238,0.11,8.0,1.6,2.8,35.29505072333566,5.0413293616485735,0.0
1707,12;24;15;17;27,12.18041727720612,5.2303536718910335,1.1602514143058502,1.7110949714996733,73.88027149090163,1,7.491351837074664,0.2557436323622017,0.14309097625950054,7,4.90422923186808,0.03,4.0,0.0,0.0,24.29859621993384,102.7626440250051,0.0
1704,8;9;24;15;11,3.393727411059221,9.782577424536852,1.132488318406166,0.0976853685462873,83.82978674092601,4,6.798158382284319,0.2102713481995553,0.14659113497692997,12,96.81574085015107,0.03,3.8,0.0,0.0,23.223193305509437,93.5705693000401,0.0
1166,20;9;21;12;24,5.239046369452944,9.670981923811661,1.6167576682964415,1.7366250131683136,2.1003145728043737,2,0.6643792456784394,0.04633858297213924,0.06408711386842467,1,122.08154990645534,0.03,708.8,369.0,335.8,1308.5558617783913,10745.63287790505,1.0300072438518434e-09
1714,27;4;10;15;20,12.734129746808668,0.034384155005111605,0.5841575133440641,1.0867246222569107,30.136118942036838,3,6.684856244739746,0.21542428109484577,0.1481711435370326,5,27.593435638554336,0.11,4.0,0.0,0.0,0.0,0.0,0.0
1706,7;23;17;5;16,15.218815762538314,6.598320150815354,1.8912343270288252,1.6429190251969725,68.94856988594563,5,6.2760152132018305,0.24236837222028443,0.28686096669091243,13,46.46932268606733,0.07,5.0,1.2,0.0,95.11759121244245,1068.812194476319,0.0
1678,23;30;8;4;6,12.453973971887653,5.06673023934723,1.818860608997689,0.6316500610670929,2.143185073031273,1,4.165896557172672,0.0919416840443086,0.08653636837118699,11,18.57776010911997,0.11,3.8,0.0,0.0,57.15512929938008,594.0239008339815,0.0
1691,17;7;16;28;18,5.617383133234227,1.7231542205974526,2.0430338419911025,1.332615474161979,70.70840659888383,6,6.745915740993047,0.11876887531428874,0.20660198695608156,5,76.12566865133759,0.05,45.8,15.6,26.2,117.22084024892311,1537.1131005690863,0.0
1471,5;13;18;25;27,18.997898910705427,7.580561298278139,0.5315550148462924,1.182547492548375,75.17587161332222,6,8.771951368943913,0.035878297773376124,0.11366096849196695,1,23.560795521022783,0.05,361.8,0.0,357.8,2384.1285307425906,2116.293885592765,0.0
1671,8;27;7;1;4,6.660422367600012,5.173540463551153,0.34830304246138966,0.3715136916336927,42.0976104263069,6,4.073815240486007,0.2548771173809646,0.21617079066558847,5,13.345234423120921,0.05,64.2,0.0,60.2,174.6588389174834,66.56638578518121,0.0
1722,28;15;26;12;3,14.20745519469368,0.7140908997579998,1.2798869955330743,0.40556545244829395,98.00116426631692,1,0.16531197555882848,0.11447421223249378,0.23037471892927258,12,25.363575805498186,0.09,4.0,0.0,0.0,0.0,0.0,0.0
1672,2;12;28;22;30,14.866439559175564,6.512473543635682,1.2293547607542934,0.9693920539162206,45.88466535810735,5,9.072697215726825,0.08106522477829574,0.10292670011292893,1,55.63225463385808,0.05,640.75,297.0,339.75,3199.151180050812,15189.346564629128,5.813260747140481e-12
1712,27;22;7;21;2,7.399422407873144,8.383434895114307,1.3204984150318113,0.21927002506334342,38.51082517682982,6,2.21592729904036,0.21421360777578494,0.023909008514791764,12,85.53180999196385,0.03,4.0,0.0,0.0,50.65943155839163,277.51467497812706,0.0
1708,3;12;23;1;7,13.583040138241293,4.897833610129893,2.2584976224385374,1.9458060898706795,32.30408986591188,5,7.455544063619492,0.05820154550446059,0.15828083438807505,12,128.40764405202876,0.11,14.0,10.2,0.0,141.8987634188578,2273.881136583036,0.0
1674,28;24;19;17;27,4.188026044888771,8.398198795536661,2.3494780719570807,1.6821376948108537,56.07354261161941,4,6.5296009560095705,0.25727488237757756,0.28764324489348464,6,35.159527206039414,0.09,36.8,11.2,21.6,68.17167054184868,1182.2153698351738,1.1189590713958145e-11
1726,7;13;28;6;14,18.729345537887436,6.848244043235279,2.612690652459485,0.19228907982752702,20.864593291486557,1,3.2171439138371394,0.1253228277251391,0.2119668146844851,10,36.28364531092644,0.11,4.0,0.0,0.0,77.63421249715034,1664.8649397648824,0.0
1711,14;13;15;1;17,5.951370438049825,2.379638197973301,2.254819553643746,1.611146737815463,42.447029446021645,6,6.024533539073534,0.15456028647212405,0.16838948459051964,10,136.03961065482358,0.03,8.0,4.0,0.0,47.50880134072979,758.8353088781911,0.0
1664,11;13;14;12;5,13.76106244537226,6.875782314808317,0.8964583241844754,1.0534710016228175,39.703528443959044,2,3.808595797263231,0.24781223520141482,0.22962288051147728,11,123.75658570261585,0.03,88.0,84.2,0.0,642.0812770193654,1621.0637243565718,0.0
1644,8;6;17;29;22,14.376965780090044,6.355864987444622,0.6375555280581311,0.2684862554838371,25.48777939312552,2,1.6804218501510828,0.21242160739903324,0.2595125894497965,3,118.80121561246479,0.07,122.2,0.0,118.2,789.5200615134306,1008.2055271329482,0.0
1713,29;16;2;26;13,3.8756006047351894,2.461095748418952,0.02428218575897385,1.1178847740666855,96.59742327930104,5,1.0215945754087807,0.29651157062124694,0.0559637140446402,7,103.13926794478618,0.07,16.0,12.0,0.0,42.59247313011517,0.07889659947666777,0.0
1730,5;27;3;8;20,11.08665694831897,9.337694662272192,2.121348249440636,0.2694561939491074,35.68658611908915,3,0.17952453628718967,0.06731400115539042,0.2172135370716084,8,69.11760327534917,0.07,4.0,0.0,0.0,74.56231780186958,1054.1276677485193,0.0
1716,21;5;28;6;4,9.76657105818107,3.611270002089788,0.4132423179722372,0.48065500888018464,45.82397438068841,3,8.82048978537055,0.11484243242251661,0.1620180074028548,9,113.80559439755831,0.05,4.0,0.0,0.0,68.16773383376467,36.571123891557455,0.0
1480,10;12;19;18;11,13.93075909967205,2.7002358985065102,1.6934372794721972,0.40108268960903587,56.631699387151755,3,3.15840644254842,0.11841882441176049,0.04716692764508129,2,135.08341663756343,0.01,125.6,0.0,121.8,892.8147015479699,8043.580969534523,6.779099370775939e-13
1499,18;2;28;25;3,16.90281126237306,9.211571489196743,0.969480520273817,1.9843578060674123,41.01409262609723,5,3.4882340146853164,0.12753162290862047,0.013322183320585657,2,66.69318783987086,0.05,563.5,205.5,354.0,2861.6257696427774,8449.692126721084,1.9952907685976828e-12
1735,7;8;3;5;13,7.974886878732131,2.822234633091977,1.7868954442661378,0.3705280954380877,30.713126732074848,6,5.342632068907814,0.06351412690397241,0.2564257926175501,14,55.94190186084107,0.09,4.0,0.0,0.0,55.268778740511166,554.4061306398479,0.0
1739,27;30;26;28;10,8.33822130955167,0.7385902667441946,0.12092343530774306,1.5376805554136246,57.39204528743327,4,5.769927428971685,0.006059627420219138,0.18283855003725782,3,8.227653253314337,0.01,4.0,0.0,0.0,0.0,0.0,0.0
1740,16;18;5;29;14,2.2704283322255807,0.1328386947168747,0.3913812700110479,0.286515469377635,55.241560068454966,2,2.553230499118735,0.08227348225808545,0.09837568790995561,5,61.20417186665552,0.07,4.0,0.0,0.0,0.0,0.0,0.0
1727,14;5;24;17;21,2.8130340247362664,2.2150422444321727,0.0459591831442045,0.3008313493142805,55.90037170571266,4,8.03177996035529,0.2689818481223413,0.2857447201296691,8,18.991441627662507,0.01,4.0,0.0,0.0,6.749245498827148,0.04478676567856445,0.0
1741,7;3;21;10;23,8.25933881194888,5.561994565916638,1.9185999868981312,0.17996057478859306,28.605752046785916,1,6.186089517749071,0.1472360858841069,0.0735777547015722,8,117.50815726739023,0.07,3.8,0.0,0.0,57.17554225750057,661.194205984994,0.0
1567,26;25;13;18;12,13.345836231984103,3.192535120771777,2.306427361788281,1.9110233327583965,25.29548156636561,0,0.9077061096085396,0.20685823269426537,0.04252699751300125,13,61.13415895870838,0.03,116.0,112.0,0.0,900.4340313540445,15048.088488287245,8.331730580449414e-14
1641,24;30;2;10;4,15.631655345280251,4.480146067385039,1.3600262095022135,1.5822783912120195,45.31438411548899,1,1.3511758423951452,0.1587658638748664,0.07517789222743346,12,89.27786467298512,0.01,118.75,114.75,0.0,1057.88945765068,6147.304382635883,0.0
1742,7;28;12;14;20,15.483487325017393,0.6473997737362147,1.4939360050803328,0.12513473365921962,55.08987902509151,1,4.957335638733494,0.11937635847829559,0.00498497762693495,8,84.71093799701917,0.03,4.0,0.0,0.0,0.0,0.0,0.0
1725,19;15;6;4;8,18.879703130689165,6.512186553564254,2.1118261120509283,0.4412182851333175,47.943629401185376,4,4.696104652074654,0.17160712205465264,0.10383800339552866,12,115.07599256501838,0.07,4.0,0.0,0.0,129.13629383402397,1809.3163253486498,0.0
1743,28;18;4;15;23,18.433522572543712,0.9799440268236148,0.9674116530042743,1.4431075987981516,53.48133409625858,2,4.679217043707256,0.11174529845312263,0.19355182945554125,10,131.2894516377836,0.03,11.8,8.0,0.0,143.98576581957735,423.3426871289395,0.0
1715,10;15;14;24;28,2.8302640859176864,6.536764069392761,2.6419257859755785,1.6699261166724007,79.27868228205205,0,1.942003145054269,0.11806158823944024,0.044307308804587664,8,40.354419892964955,0.11,4.4,0.4,0.0,20.107115057537534,440.9007760294733,1.1882374004563801e-13
1660,5;16;17;23;21,16.800899042719,7.530204746845182,2.1720683228648157,1.6536493170647473,6.000608772608329,1,6.783114079100592,0.045095028476763506,0.15202761726383607,12,55.97523990420675,0.11,74.8,71.0,0.0,752.7994241157224,11157.736855927422,5.810297820503807e-12
1745,2;15;18;23;9,10.02348280573334,5.595766909545531,1.8768486071247394,0.7005819514019848,12.385638604686521,2,7.594057536749945,0.08180483536314713,0.20500796014318814,6,54.969858464953575,0.07,25.0,0.0,21.25,123.79853359665769,1370.0103809493671,0.0
1724,18;11;14;26;16,1.9501637013240174,2.5864149781497945,2.0115853233674734,1.770133660286522,72.11293783238456,5,7.339648671324084,0.24981188678750096,0.008040099237767483,0,21.000050984353546,0.05,9.4,0.0,5.6,20.025391430570444,254.57034036011342,1.35738754077664e-13
1751,2;30;7;10;3,7.632587554283963,1.2332375795645045,0.4594599362970499,1.2580428340015515,64.45507221821221,4,7.088134874539991,0.04314726285101484,0.097861164336532,13,30.234725490116784,0.03,4.0,0.0,0.0,3.817857602046006,2.5320069583661873,0.0
1260,30;15;11;18;6,7.2391181982113455,5.601355221581378,0.41028423963103267,1.9065761611237317,36.43130982809014,1,2.043389826115536,0.2469161578111465,0.018271232249979407,5,122.26546835009813,0.01,509.8,298.2,207.8,1469.6872661768339,777.2209047916369,0.0
1728,6;7;12;24;16,12.79272163474651,8.09598424903082,2.4605433312780702,1.928350099530675,26.24226189986497,2,2.476385280841479,0.15292730898527299,0.0932411173269554,6,5.962335597395192,0.01,19.0,0.0,15.0,104.36825598332715,1985.0906060794819,0.0
1732,25;18;9;12;17,10.229163122981243,1.1703313143527105,0.2514394778200046,1.5822089226961,97.57025115155103,5,6.409271956883073,0.17101155722242728,0.06949522363659162,8,102.49391198623196,0.05,8.0,4.0,0.0,84.83936098846497,16.85055437838086,0.0
1733,8;1;22;28;23,6.806170562539904,3.8957705530880613,0.24865705589204087,1.0386006832516956,17.87883292323852,5,4.5861424390225745,0.16123290840506502,0.09220936719707527,12,18.76264927076021,0.03,12.8,9.0,0.0,66.75510231985027,12.966892582441492,0.0
1753,1;13;16;5;26,9.828066722529202,9.44856265992835,2.0474491131006114,1.9280126153635264,91.79678865972693,6,6.022566705757409,0.18427165336977427,0.02661662593171137,7,27.679771796853395,0.11,4.0,0.0,0.0,59.28103449614116,780.7138427711806,0.0
1729,21;2;25;10;18,11.705139243680035,5.682118255011343,1.7683058566888705,1.4935780761335973,6.234654174599541,5,3.11496591853881,0.23245208841566403,0.1865948828058678,12,23.25322645895779,0.07,7.75,3.75,0.0,75.04365970717662,737.1886648142332,0.0
1673,20;2;13;21;8,11.60192999501793,9.882759396714555,2.290683448019411,1.6606920359803132,56.194969917001245,2,3.523431843772894,0.02456758645593532,0.012566124015227042,13,124.68511556510177,0.03,117.5,113.5,0.0,577.9463308126961,9527.24950730343,2.5313277289514955e-11
1699,14;4;29;23;2,14.65449933151674,6.945240449554793,1.5243920857276778,1.342477837970326,48.838733411629576,6,0.11229812056876484,0.29137943710561365,0.04843597363477346,4,78.87224823623038,0.11,126.75,33.5,89.5,731.0110452464928,5336.631095169778,2.8849933963770764e-13
1487,21;10;15;6;2,9.887868315294803,7.916779038424176,0.5429555483453665,0.7183259086113947,51.54592288536208,6,4.547185765220092,0.26232783191247494,0.08527863343819751,1,47.91814254301805,0.09,539.5,0.0,535.5,2054.09938551146,1902.3914099021722,0.0
1758,23;13;26;12;7,17.966408059210547,3.2867792110123375,0.1326129019404767,1.4429255512485897,89.58267846202553,5,5.871550345455734,0.10522480274212682,0.20100637884358608,13,12.968063511756947,0.11,3.8,0.0,0.0,52.96772478747024,2.926393668606254,0.0
1720,23;11;2;17;27,1.0082012609558322,4.220728946524911,0.510232198226309,1.9020758451616104,20.565477418974787,1,5.047206111938539,0.016941814113953024,0.12366255595402613,13,86.37962214778948,0.05,39.5,36.0,0.0,31.63849708116313,25.87625607971182,2.0113639112984115e-15
1639,25;19;21;5;16,9.924801979920998,7.093407807199745,1.0706863771275457,0.10575458099544122,8.767131258193661,4,6.789130122434995,0.22878997767855572,0.14435094391183334,4,48.67023814559011,0.11,110.2,0.0,106.2,452.47224270938625,1629.5450404720857,2.6210018617730696e-14
1597,22;3;23;20;12,6.5205349209119134,1.7578443566941149,0.6766072763920312,0.29244944767536246,2.272493748343418,4,6.308454816246355,0.10061323709318275,0.06981847708096313,1,73.78574862557879,0.07,197.0,0.0,193.2,705.2800650670615,1014.3429363481939,1.3595929136403456e-14
1748,17;8;24;21;25,18.164025726143358,6.462755356844484,1.201740721805528,1.5971669824593182,10.814712209738818,1,6.400230685929823,0.023004325923037715,0.027461470215938,7,70.27839140586336,0.03,65.2,61.2,0.0,746.6125803499675,3387.4019386214522,0.0
1763,8;16;21;11;9,13.10261715386852,1.106460184676269,1.7087546478974924,1.462233148160932,65.09358537182467,2,0.48780384032807234,0.18293323171951437,0.2992569343184921,10,58.390179834671436,0.03,4.2,0.4,0.0,20.545516447171348,188.46310974274277,0.0
1747,24;27;26;29;28,14.498737333869625,1.4696436957376258,2.7533308255696554,0.4793440023974672,45.26857140264372,6,6.246233637929749,0.25920189980108604,0.057035629583348096,8,95.42729660630782,0.05,4.0,0.0,0.0,98.5904230174778,2348.0178642649,0.0
1750,20;11;22;19;17,7.799664601609956,4.120945066115286,1.6992718172915229,0.04286635249870573,1.8954203784117274,6,4.236176176833456,0.2612908954838622,0.2344406121890897,10,96.9916226354536,0.01,3.8,0.0,0.0,54.29809330065159,492.5611577421432,0.0
1290,7;20;4;26;29,12.872442777374717,4.0936688309703,1.4022728313218682,1.2700209491493661,58.94956826103528,1,6.439126785501101,0.22900968763255847,0.09904604697920168,3,96.06289114470384,0.03,805.6,481.2,320.4,3835.7316526650684,23695.35003466742,1.720502224110897e-11
1768,5;4;1;10;23,16.017739932975818,9.520948220993642,0.27551054763783306,1.5908232564693354,22.82395261367811,3,6.9219257297997325,0.2812735689537556,0.057398459020549096,8,33.45930695092073,0.07,9.0,5.2,0.0,113.94952715839891,27.17307954542978,0.0
1767,11;22;6;16;4,13.705370107930108,1.6432627375314257,2.464987580027611,1.7081583170459387,5.075318942334195,3,5.937877934719905,0.00679169473210367,0.06642408808272472,12,72.02685967712443,0.07,33.6,29.8,0.0,288.0940026389044,5499.377861260838,0.0
1752,26;18;22;13;24,2.5770887375620815,9.616680258787827,1.7427469578285222,0.38027803163777996,53.18865079562403,2,6.644697357366878,0.10398318185173949,0.015632763974032227,9,76.35857714337652,0.01,4.0,0.0,0.0,17.608107287806142,168.00848477114437,0.0
1406,26;18;5;13;14,6.346930186688478,4.262581069971196,2.0093559105527357,1.5675733517709725,10.135065073715188,5,3.567662350233546,0.13099476139480784,0.24265189514175228,2,40.54697033296507,0.05,679.2,286.8,388.4,1526.2850465110077,19359.72836351822,2.006597920706901e-10
1773,1;22;13;5;14,17.262990648726248,6.397001062340648,1.8179370213298243,0.3012941514224196,81.7085224343569,2,5.229154825635163,0.13961078467428562,0.0892320839566293,7,116.05239426135863,0.07,4.0,0.0,0.0,118.45272016785243,1229.8512274129127,0.0
1695,4;26;10;23;18,6.74190423893618,7.6050411031778955,0.5886978722266398,0.009814951518047536,70.72650004432094,5,8.964964117318242,0.18297852809553564,0.20336116406081411,1,39.91215633165256,0.01,75.0,0.0,71.2,307.5971003827678,334.90146097921087,0.0
1755,5;2;16;14;10,3.812004469236396,8.265378819931614,0.9091766710156434,0.2794981439267353,10.88904377523593,2,7.259903931668575,0.18065797153421656,0.07353070328520526,5,80.3722874578168,0.09,18.0,0.0,14.0,49.50247559135611,128.55037795488718,0.0
1762,2;12;9;18;19,6.72116962326172,7.4134623709714536,1.8944021584034516,0.0687158872965627,2.3708518809464008,2,1.1008724356975483,0.22557160752557134,0.1843081825463743,8,80.52152083801639,0.05,4.0,0.0,0.0,46.14532485231509,520.2618010781129,0.0
1299,10;25;5;17;26,6.110481310946056,5.637329947964408,0.7573277895021738,1.0851294124440478,47.046279057068155,0,5.906613943264157,0.2043574984612879,0.1840685335447895,1,107.03861977334756,0.01,641.6,569.2,68.4,1731.5325102554666,3119.954848986218,2.296089941128788e-12
1770,6;15;8;23;1,15.833112841635781,1.0629125927198246,0.25311399639718335,0.9475283925783278,79.56921853135852,2,2.397956230564262,0.252217235386556,0.15696576491646194,2,42.493036361355585,0.09,6.2,0.0,2.4,18.45662185913904,3.714791207818217,7.478595350921644e-15
1764,17;19;2;30;25,15.776263714922473,5.707266480175823,2.560740048584598,0.6386933643756556,99.52018556516991,5,4.293343122261933,0.2857494459672537,0.1325577085759251,7,64.64194144762918,0.11,4.0,0.0,0.0,108.45470694288605,2234.2371313593967,0.0
1776,14;25;22;18;19,19.134679646353657,3.362393276027662,1.8568484173416346,0.9299922419130566,4.471091836564856,5,5.482355470177615,0.1517127698783173,0.0016860337387966438,8,138.5792470211365,0.09,4.0,0.0,0.0,133.2498953820035,1443.3433415823363,0.0
1565,3;28;17;24;30,16.5713726881582,7.081500116650416,2.4681609324857945,0.2814684725960669,79.05581871422443,5,1.252291151759844,0.05123448521862046,0.1781951675851614,2,11.621171450328188,0.01,345.4,0.0,341.4,1782.2885678404225,34109.459814831,2.0643362818983666e-10
1783,16;24;19;20;22,2.6479085682248242,8.049699630069206,2.6747607035918772,1.1940137546559815,71.74173788540776,3,7.471621099774266,0.045932977927253656,0.10367333589603148,12,13.979470541121696,0.01,4.0,0.0,0.0,18.136458077998874,407.6357052114564,0.0
1781,18;24;29;22;26,3.0678152899355764,0.4745649157152765,1.9888874665255176,0.6610471534351863,17.279885042840316,2,3.6585813952918063,0.1582164048523541,0.21407225561988563,0,83.60693051721923,0.11,4.0,0.0,0.0,0.0,0.0,0.0
1744,18;8;20;13;28,0.6676432076905098,9.046537953497346,2.6816789879014404,1.787596915330237,27.480697927210162,2,9.020933592438173,0.25241600161115324,0.2355116076154386,1,58.576676901367954,0.11,6.0,2.0,0.0,5.142946627095805,116.1917969369915,1.3374650990908517e-12
1785,1;3;30;11;27,12.228076755517261,1.7417547616402473,1.764663310546663,0.4085561272782829,90.18987342464526,5,4.612776205771567,0.28206427627219643,0.20335438654002685,10,50.39674327981956,0.09,3.8,0.0,0.0,73.08257867337936,714.9693888234382,0.0
1788,22;29;30;3;28,3.520013698762813,0.17144114108948005,1.7062321342604025,0.8560247674840642,1.5281804644320052,1,0.11582431838118698,0.15887098625394852,0.06155829608903735,1,60.6606692974873,0.05,4.0,0.0,0.0,0.0,0.0,0.0
1746,23;12;8;3;9,1.331761536960403,2.137464471730486,1.3577615015344269,1.5916761092595857,63.4594493787142,4,1.005459736681133,0.19137437967575197,0.20139286698284536,6,26.48411709076786,0.03,17.8,0.0,14.0,11.312140922651732,65.51513800849486,3.04737427399798e-13
1199,28;13;11;25;22,11.867109941870844,8.389992385208716,2.6595772300911755,1.6205376516420065,3.4942671339602382,1,6.725334059981449,0.26276558426632746,0.176845980161718,0,134.03844065047906,0.03,683.0,521.2,158.0,2629.056352175726,58421.80622550908,2.4760678378744486e-09
1779,23;10;20;7;15,13.443402652737745,1.6583344695570523,0.02628701335850496,1.542202890377841,75.12009135487953,4,0.5020476058114389,0.10723274253616508,0.23394252747378097,9,29.780772046033647,0.11,3.8,0.0,0.0,29.194032618974127,0.06337623760804065,0.0
1681,3;26;27;23;15,16.521860628658487,2.1002749817526665,2.038095837936179,1.7892967362666978,82.53196722065364,0,0.7094202263715047,0.10625599799496889,0.2782901010461589,12,100.27693228068686,0.09,119.0,115.2,0.0,1183.9667689835248,15450.359528683894,0.0
1780,15;11;10;25;2,4.451265573415707,2.1710466182672183,1.7334573354553695,0.9562796496524881,97.71835178825494,5,1.3562120246198903,0.24466089764943658,0.14193407260605112,11,131.74889453948018,0.01,3.75,0.0,0.0,31.12495035815343,293.82236786507775,0.0
1791,20;14;2;5;17,6.9914090371356465,0.11177304357039786,2.1297410011942173,0.09065907561957727,80.05954199681736,2,2.903329442871148,0.10570472073942834,0.08615435967815639,8,126.64052164266528,0.07,4.0,0.0,0.0,0.0,0.0,0.0
1777,8;30;28;11;12,9.408559487758374,7.496437915576517,0.9712691174346902,0.8959544450419581,55.99075692630632,5,1.4687778632702633,0.23066013233367205,0.07744137559158083,8,40.27572288405961,0.05,3.8,0.0,0.0,58.44114263443362,173.19993770888416,0.0
1793,18;14;19;26;12,10.64447024459287,0.8721750548408569,1.2067209414258397,0.45859713962643445,58.21407467167209,1,1.631237504295362,0.2265626556706041,0.14866108437585127,12,89.56213402594732,0.03,4.0,0.0,0.0,7.418621145704097,33.93804059904077,0.0
1782,15;16;5;4;9,4.837368222264226,8.414583361345345,0.5783892936329138,0.5045343204756131,30.541740412958152,3,3.7974886574227806,0.08860148468941827,0.2124164635137246,13,99.03618297736108,0.11,4.0,0.0,0.0,33.287675880017574,34.984352265449715,0.0
1789,2;27;7;30;29,16.262414650047557,8.208161800802484,1.1061638045552358,1.4661915249483888,55.26629939388312,5,5.869537929124038,0.12334096742279224,0.25906644496623565,4,49.47315038771053,0.01,149.25,46.75,98.5,841.5563876369563,3234.982834545904,0.0
1799,8;15;16;6;14,7.374933441507804,8.843116782854725,0.7552508871912169,0.38856354950041694,36.033990649120994,1,1.255877879094114,0.012378276157790623,0.2696463244992117,10,54.76490163905489,0.05,4.0,0.0,0.0,50.37659780938905,90.27369000330654,0.0
1661,28;18;30;24;21,14.29763410609287,9.540022955061238,2.467248347677761,0.2916020305264101,64.44600049935346,1,2.544242436193165,0.03823856164551973,0.1996779065640918,1,125.91645173015823,0.11,195.8,0.0,191.8,1055.7757224371494,20190.50945932127,2.896692637876497e-10
1596,15;16;28;24;25,4.438697144025379,3.7656373691133216,1.7417565636590109,0.0696072071776066,62.76046258751779,1,1.2947584370869092,0.14053121703244767,0.16179628756698822,2,77.04949266923185,0.03,281.4,0.0,277.4,541.4623369572735,5160.514915883358,7.243055509836555e-11
1786,28;10;3;1;30,11.072596364934515,1.7721217519938037,0.9803581687787658,1.6395428588366185,84.09331519565114,5,0.5194382764629073,0.18029061021049908,0.02512221201935715,9,114.55858269108204,0.03,14.8,10.8,0.0,117.2460529369411,354.0117262102144,0.0
1800,29;6;27;16;12,8.879740875797218,5.098825201795912,2.193872810346272,0.28462594214147224,96.87473063697153,4,4.039438843761301,0.059053091643565446,0.29047705447678135,8,51.091261481265974,0.05,4.0,0.0,0.0,61.48705677724721,929.7291961274459,0.0
1804,21;10;26;25;28,17.06366722105779,0.7062427491486745,0.5554650174082305,0.16453191036050915,49.61775655213619,3,2.472351162672248,0.2744007128105709,0.0898374481005169,13,19.6242596750192,0.01,4.0,0.0,0.0,0.0,0.0,0.0
1790,19;2;3;13;28,10.458603262266294,4.706463197126168,0.8477801825083656,1.577949320566381,46.22370571853618,6,8.85158306190839,0.29671687165726807,0.2181057076511131,6,42.06357001042747,0.01,28.5,2.75,21.75,131.89546945712465,297.8147966648677,0.0
1680,6;2;25;28;7,12.636270393169312,4.684055917784993,0.8492189725202305,1.355987975215525,51.5339699173833,1,4.497279817993261,0.19670693916454376,0.11469145549766761,7,112.77207639493871,0.01,203.5,199.5,0.0,1275.1554567708072,2889.0322035619915,0.0
1794,29;19;30;14;9,15.116839569073779,1.031392305695008,1.1118167408839794,0.2597841226332668,87.29467977023683,2,8.706898062963424,0.025203211930539694,0.06732853464994867,6,130.5777467459136,0.05,12.4,0.0,8.4,103.54252293802574,402.1008893200863,1.3924378849406618e-13
1796,19;15;18;11;29,6.4028831695271835,3.0201261274313618,0.21356831026366277,0.5768638375314596,16.187283485173886,0,2.5946177428758825,0.21967579635364104,0.13168796798391683,11,117.34157418526934,0.01,3.8,0.0,0.0,44.75602120887294,6.413202700965722,0.0
1787,11;2;15;19;9,16.06833553143012,4.3402822205741165,0.26120197155213,1.5887436738911223,10.560204348683111,5,1.5836375172555015,0.11385740976499097,0.16338513365800159,11,80.61950218406731,0.11,8.25,4.5,0.0,139.75649721777316,29.955376413356746,0.0
1795,30;25;24;2;9,3.7944143303542037,9.282863184705409,1.586025547358367,1.0654938431291003,92.74387696888319,5,3.6079866737204878,0.02794337709943898,0.025501852120234703,8,124.24260565437856,0.09,15.5,11.5,0.0,39.72747419561031,313.9505036118716,0.0
1669,21;15;18;19;8,2.9532636086976614,4.3562701502513645,0.47967132291966236,1.2308653554505729,43.924014409301535,6,3.3622779977341968,0.2743586795287783,0.030304314825224943,0,87.08983115313123,0.05,124.0,49.0,71.0,171.33441676366152,123.84600257303445,0.0
1600,19;26;5;6;15,17.130018235803345,8.727240488561929,0.11249732792858844,0.00866891601733481,79.92571570213258,2,0.35348271357843325,0.10171474108847683,0.03452097036010936,2,26.266272257574855,0.09,354.6,0.0,350.6,2047.280857518582,81.39762110461285,0.0
1803,18;5;22;7;4,7.73837303652435,1.140553844932215,2.1386631815586816,0.41649105250585206,89.62028311528117,3,3.353871308483237,0.19398351068006697,0.035805447866975225,8,43.11426436910493,0.07,4.0,0.0,0.0,5.419404256047345,77.87287458214347,0.0
1812,1;8;11;17;24,1.5708067344783996,0.5349529077481263,2.620313268197531,0.27707328429417877,1.053756789711835,0,3.1861464442963365,0.16138605348018734,0.17386847603280975,1,91.92909164590029,0.03,3.8,0.0,0.0,0.0,0.0,0.0
1797,30;12;9;25;26,8.821322432442786,7.431938715331594,1.689146371495992,0.49583773179187973,3.1379141196784643,4,7.525944592928941,0.23070128384105898,0.07032426807954067,9,12.379296073668923,0.09,4.0,0.0,0.0,54.949169829369524,492.5446174146512,0.0
1798,3;26;29;9;13,7.755193807323535,2.0899000229193057,0.005901325196910356,0.7981462178706121,74.25320021309028,2,8.090362808663247,0.11343225147823814,0.08210844843026809,8,125.60541166487155,0.05,4.0,0.0,0.0,54.250583444491994,0.005935446308474228,0.0
1738,28;30;16;12;27,1.2209101056097975,5.744290591991412,2.6096035636586317,0.11995759350083128,66.4889064113887,6,1.3415812725430587,0.29027184883241897,0.16297808684301726,3,67.91629060767464,0.11,53.4,0.0,49.4,37.52796030754228,802.8860400728728,1.2157428908832155e-10
1619,24;5;28;10;12,8.381868373087247,1.604803179304175,0.1777178680767869,0.11323742795168595,31.325046649981992,0,2.740190361234802,0.24281540713243346,0.12032414567258526,2,60.6469371479687,0.01,306.0,0.0,302.0,1120.217618571804,111.1512781483254,0.0
1815,4;28;6;22;8,0.49502014026636015,5.931519661433279,0.32007121221865664,0.7821021705412922,84.82816090074742,0,6.963024952652887,0.013195351218643714,0.20911471064027487,10,73.23517998841207,0.09,4.0,0.0,0.0,1.8764850881158837,0.6039322472521627,0.0
1718,29;4;20;6;7,8.755710594961688,6.806653388874282,1.6977103130347317,1.4569491056086405,19.89464855342221,3,0.3161303138246392,0.15770455287417884,0.14059970043462974,5,92.6314574538358,0.03,167.8,78.4,85.4,529.990325360915,4798.936333942656,9.780219336725733e-12
1778,5;16;30;6;18,5.010511661999752,6.377066663251222,1.5606738057294014,0.720184927261775,59.352096137132946,0,8.896568695928519,0.12254849826615884,0.01859155273206541,2,95.07624274488134,0.07,30.2,0.0,26.2,106.31399751197489,813.513198906051,5.8030793463019e-14
1806,9;11;29;10;14,0.7221640469004565,2.4128801145414993,1.1394208519132298,1.1113067887322632,70.23143661481642,3,1.4861441860667663,0.26688558773007737,0.026117955357648524,7,34.748868604324436,0.09,3.8,0.0,0.0,1.8162812356844722,7.408005478370034,3.57423311920757e-14
1775,15;19;1;29;25,12.197119511265456,3.785803600773078,1.2524782287023357,1.1059827953470207,72.45965062241645,3,8.125432039734498,0.1187055224672138,0.27961780659166774,9,124.19255969705254,0.05,52.4,48.4,0.0,341.423393923596,1682.610205592037,0.0
1820,19;14;5;13;9,10.449229415200037,6.249603073434152,0.45106338043232347,1.4311770588204455,73.93638801220392,5,8.362283355937542,0.2385232582340963,0.24549142057637052,11,82.3401452900898,0.05,14.0,10.0,0.0,106.76362142089701,68.24146002945848,0.0
1771,13;16;22;17;7,5.472682298489593,6.826619850471517,1.8830886386855505,1.9810133711011713,31.636501418431486,3,4.552482474035302,0.06649326129467145,0.04600081501476124,7,135.30688669491988,0.05,62.0,58.0,0.0,170.11967037130702,1895.160218537099,6.7807225544955934e-12
1609,5;15;10;27;8,16.56269263897613,1.4273217493557022,0.5351225032615439,0.3084930625438823,73.42745895664478,3,2.230833367949625,0.037281782981191745,0.14787732203357112,3,87.66423228558986,0.07,109.6,0.0,105.6,854.7269286879543,768.9244818628279,8.728116561865566e-14
1814,16;1;12;28;6,3.750016968335489,1.0436929753293367,2.529921518435565,1.840044725540228,11.485122763876,0,9.02516177461166,0.2507344921519494,0.12647075157219118,12,56.356012078039576,0.11,4.2,0.2,0.0,4.5165530326513315,90.81782247604255,0.0
1826,25;30;23;1;6,15.408185648704343,0.03295007283563023,2.023295301452611,1.8515925399640898,29.253183064613598,3,4.673618651043241,0.2760533817319209,0.05691386794029535,11,77.3557219198701,0.11,3.8,0.0,0.0,0.0,0.0,0.0
1802,16;21;26;20;23,4.657025695883188,9.305368130299772,0.6331467463162649,0.014646226436758163,16.042899874353466,1,8.18986618623075,0.0681033144645314,0.18615600757656484,6,70.72686689163021,0.01,20.4,0.0,16.6,51.27515782657773,64.57518177238246,0.0
1817,8;26;21;2;18,18.721022082536503,1.364583780245251,1.1713089837345791,0.9185477826021652,69.67955685492345,2,3.3163657052486046,0.23656646488914637,0.13501454907454594,7,91.33449692024455,0.03,4.0,0.0,0.0,104.10944444577196,448.7277731513895,0.0
1736,26;4;5;1;23,5.113191342205277,5.10261807908347,0.2854289481379604,0.992382357580403,64.51512763272453,6,0.9717279873236255,0.21827006064537371,0.16092768828156062,4,55.46967934273854,0.01,162.2,39.6,118.8,323.8161782900714,82.87898995714372,0.0
1754,29;14;3;10;28,9.589337757319745,3.5835636475895694,1.9836451275927356,1.432432461069338,12.245596156802518,3,2.891640221439768,0.20076904370713475,0.09513242784667977,9,63.18245049300512,0.03,54.0,50.0,0.0,281.9475874426593,3485.348544028956,4.5328598645418074e-14
1818,1;18;23;8;3,2.9697310783244633,6.495821791284147,2.484064393217414,0.2897192152634535,54.90788147384854,3,2.2669562920991786,0.02458264871141046,0.17663561106076095,10,43.73234769193615,0.05,3.8,0.0,0.0,20.53825322246037,398.142992290358,0.0
1760,28;17;7;13;26,15.784847512335183,1.0927031260603048,2.4879384257468278,0.1892045998050458,59.7598108962909,2,4.1812604914344895,0.15836485118664453,0.03563903439562105,0,115.76425698892407,0.09,61.6,0.0,57.6,532.1412735036878,10347.99172661652,5.776818083586189e-12
1649,5;8;1;6;3,14.602166727989019,6.790058021320743,1.0698363131035868,1.312134038702536,44.4751221081418,1,0.5925766230727344,0.27798814016251544,0.20223784060819402,6,139.82829197146717,0.07,304.8,184.0,116.8,1634.7790433119399,5878.18979246476,3.4560970904425496e-14
1834,17;7;24;2;13,1.130282348018538,0.46640804350332354,0.16651668833354236,1.7645028017094144,3.6313811458142276,6,3.057867509256099,0.22332374107454156,0.09668419020729759,8,20.326771143943645,0.11,4.0,0.0,0.0,0.0,0.0,0.0
1823,6;9;12;14;11,15.899600749560303,9.810016093893795,0.42890501160916217,0.49507294369447974,88.74284526126668,2,3.289976824811576,0.17220022742211963,0.010790547118451687,9,71.75860613351841,0.05,3.8,0.0,0.0,106.79323715663375,61.71857150156111,0.0
1805,5;1;26;12;28,15.344937417022422,9.012105265965605,0.6032366344210334,0.4608275160288392,88.07720496124821,3,2.789521418002706,0.03335141307252258,0.061880666939347795,2,94.31863067071237,0.09,248.8,0.0,244.8,1479.176759967898,1691.0068389782696,0.0
1811,12;5;15;6;13,16.06226973366365,8.727667854066283,2.475420205270896,1.5571904905139111,41.49595349648556,3,0.9423957218508425,0.2848586269939124,0.1144557797765247,9,37.877018925021076,0.11,12.2,8.2,0.0,146.24814161528403,2815.3869411266323,0.0
1830,8;24;29;7;2,2.226595155693057,7.60738397991454,2.4725579634044745,1.7855561793571837,38.3366215882022,6,3.210765264953812,0.18516633708780655,0.12835649943121366,14,10.817454936781502,0.07,4.0,0.0,0.0,15.314280110101949,294.1300670506254,0.0
1810,20;14;29;13;12,15.42761880620805,9.35853767639525,2.675930934628903,0.7305476766655663,36.045451064029365,1,9.001477049253387,0.06374127796205811,0.07315247980995265,11,112.39628828834134,0.05,4.0,0.0,0.0,102.7377103831074,2311.1575700970848,0.0
1829,29;4;6;28;16,7.0703051248723074,9.064886734818394,0.7072569855874875,0.9162685245713611,6.56032444062814,3,3.5576144489887964,0.27561885599527564,0.29800561804142056,8,78.31397446172049,0.03,4.0,0.0,0.0,48.24594724302453,75.81675660963063,0.0
1683,22;27;9;24;25,16.76834328982669,7.444741167160833,0.9589244906216705,1.1694952522632476,21.9918865193223,4,9.0267554442897,0.12117354230454074,0.13989521862827436,3,88.68632891016335,0.01,274.6,134.2,136.4,1656.6020884503275,4785.605537817781,0.0
1840,21;2;29;18;24,12.128621480405291,7.142404153112988,0.5842064334103769,1.909687940272399,75.79959498945786,1,5.096706940742936,0.08172537988142634,0.18619021362765983,4,1.2769129528079226,0.05,4.0,0.0,0.0,1.5157827104007622,1.6252474456460433,0.0
1839,22;2;3;18;5,5.804817018655455,8.11519518966927,1.279619520995321,1.7073828400149096,71.62208529039098,3,1.8432637205886553,0.17180508518366122,0.1926913471770032,9,114.99403425029853,0.09,63.5,59.5,0.0,182.02856421485671,936.3778452944478,0.0
1749,11;23;5;1;27,13.003450042188295,9.55501366246451,0.060921535696483835,0.12589488799010184,28.484418765546405,0,3.301877285645224,0.042520268330875334,0.025847096154594185,4,132.83003805873665,0.09,64.6,0.0,61.0,419.3442091449154,4.8894747485936625,0.0
1792,22;19;26;28;14,14.459254751340847,9.717457308151019,0.32251970345394426,1.4911142293669142,30.914477637199024,2,7.163511258189871,0.2637381994959735,0.07318023107844047,13,47.86674763889443,0.09,53.2,49.2,0.0,437.9794246783948,143.12519292276994,0.0
1772,11;10;9;5;15,12.51372316846526,9.971241760881071,1.2586890723970008,1.6561425416539681,29.610083039668535,6,1.0813680252274074,0.1769081379435094,0.27134044174317984,3,131.8777382523869,0.09,156.2,49.6,102.8,743.8758785498874,3702.433547963324,6.795558720690381e-13
1842,3;23;11;10;1,4.736416002804085,0.44826947651330995,1.6311870417000938,0.25110257306557887,45.916802075585295,1,2.9731200262956032,0.2157594350380011,0.020085488632004576,4,54.28033166550343,0.07,3.6,0.0,0.0,0.0,0.0,0.0
1440,18;8;30;7;26,18.027839225466117,6.91486077283896,2.4561725838852952,1.3161496609408794,15.464556892351201,2,7.066191221184377,0.10368395615816874,0.10850168241787263,2,45.094888184930674,0.11,680.8,276.8,400.0,3332.4450678137364,63158.32892695168,5.745533480750457e-10
1831,25;8;28;4;16,18.694489362899688,8.011321074289173,1.1742176155088575,0.18724706923144757,53.81345501800753,3,6.066199803470971,0.03525672447823029,0.06263644569489682,6,87.2516578519266,0.03,21.8,0.0,17.8,201.80920076530873,874.1541381617819,0.0
1766,4;27;25;8;29,4.560343330611098,8.530264973881872,0.7593238166629024,0.2933943637030948,4.3932757000714755,6,5.853940769068294,0.1681217327145809,0.13247215677519866,2,61.984493177218276,0.07,88.6,0.0,84.6,217.22135027317418,393.4652891956961,0.0
1809,25;14;11;19;29,10.27697133848541,3.1917523432515704,1.4919606051143162,1.099499448582241,49.15186010866863,3,2.551868253856672,0.15249171553197902,0.1758406675405497,11,80.42892686394336,0.01,47.6,43.8,0.0,286.32105013810434,2002.2479727482794,0.0
1832,30;3;20;8;1,17.650820185532403,1.8778065909148822,0.9044061392518745,0.3716199028065652,53.244177284866566,5,5.246726538724094,0.11380489724637105,0.2585155878513361,6,116.8784888666558,0.05,24.0,0.0,20.0,211.49479125544752,543.4712219168194,0.0
1849,3;11;25;30;15,7.731828411594532,0.2052419985114995,2.012629791417813,1.4845571015782344,93.8871835786022,3,7.823191442365717,0.268423022873574,0.0890265237940537,7,39.24862429295282,0.07,3.8,0.0,0.0,0.0,0.0,0.0
1801,4;10;12;22;28,8.461314164007526,1.1256966655684397,0.5141964248319897,0.5269697832230668,82.12728048781514,1,8.42603583704437,0.019987550407025965,0.1564872503248745,3,105.2131846236233,0.09,52.4,0.0,48.4,256.1199890354606,212.74112556106874,7.664733976316586e-14
1838,26;24;4;28;23,14.97408188184259,8.590912073475117,0.9818347101474435,1.9703485986112472,63.92290650647203,6,1.0277335076534593,0.21026889259232162,0.2921256372752078,8,133.00777657249384,0.03,7.0,3.2,0.0,113.75177402187668,344.4964999325509,0.0
1835,17;30;8;19;21,4.567108182462275,5.635711088932376,2.760949831012528,1.0600119114396427,34.56212132841948,5,1.0350102106789918,0.0864656956499988,0.26319582731557867,9,97.21655547485841,0.11,16.0,12.0,0.0,49.481534943336776,1184.9773965867469,1.3378993044603133e-12
1855,3;19;26;1;27,5.107162868693956,0.4996498576008723,0.5795865727020053,0.5133372621360448,35.796402635476156,1,7.764649519831793,0.1613359103467526,0.24214304840681022,1,73.74795027435418,0.01,4.0,0.0,0.0,0.0,0.0,0.0
1837,27;14;24;12;28,7.999035558841418,1.0861089920704714,1.5083704234998274,0.9279684218401721,65.2086967960529,4,7.633377370792048,0.0057086493756887124,0.1081988680089581,6,122.04514924688434,0.11,16.4,0.0,12.4,75.09082299361533,536.7261473237731,0.0
1843,3;30;28;23;2,7.066253278027948,9.641244627962205,0.6124920264360842,0.8139407823899161,82.07596701589337,3,8.807979627092976,0.09655564834290625,0.017181718177012407,10,5.8883488429114,0.05,3.75,0.0,0.0,47.68912790531866,56.20437617935864,0.0
1655,4;28;16;21;14,16.636272363447983,6.774209817240834,0.6509233547525934,0.1718016254432382,75.55863278704446,4,4.363389619024517,0.009514040734647166,0.24651206207820292,0,92.05896532145368,0.07,284.8,0.0,280.8,1910.0760319833967,2542.4957510194668,0.0
1846,11;23;18;30;28,3.1714050968232086,9.088649526162936,1.3429797044273868,1.204074436977325,19.61737936658664,3,3.822799817000168,0.08130738769414537,0.0726499688486937,4,131.4821597765681,0.11,82.6,65.6,13.4,136.66932953866376,774.390177400236,7.572930859496578e-12
1853,12;29;17;23;6,14.711009642899032,3.9740183797629824,2.238714174693953,0.8218724353950304,27.160197548648856,0,4.4445569652542725,0.21153775099516767,0.2340481671794185,3,2.88467900145964,0.01,4.6,0.0,0.8,6.849238031953168,107.84237168114839,0.0
686,15;2;17;1;7,10.64140084672705,3.4098660748162732,2.6649036818870475,1.3481830110555546,24.525370201287288,0,3.7061108664636055,0.006091297241874216,0.15138151704813194,1,74.26891713484538,0.07,2193.25,1148.0,1041.25,7423.702757576176,165627.8944739703,8.64399563340634e-10
1850,22;2;24;21;8,0.2588343249547572,3.2972658418498946,2.1987208344315836,0.6424829353792334,88.36512761849743,3,2.1486487049483354,0.14442771928398973,0.27897308923532926,9,66.06027454373009,0.11,4.0,0.0,0.0,0.08074489036370575,1.2263236539477256,6.531871570069689e-14
1845,20;21;14;6;9,4.214137885410026,1.7348519905860804,0.7372116954045845,1.4627419452019053,40.59192073669006,4,8.960610738331246,0.2978145569709241,0.23562866163515023,5,26.36141122877758,0.07,6.2,0.2,2.0,13.48568997664573,23.025415555655556,0.0
1578,26;15;5;13;21,4.103351205565802,4.4877882439895735,2.4156168822975754,1.9777372280615468,4.093810245435381,1,0.11868006405819535,0.23905488352351106,0.2542787418766495,6,66.42382908574562,0.05,452.0,232.4,215.6,679.1184460470623,12449.48859908986,3.1111878698907714e-10
1851,10;12;30;17;1,1.514931383214783,1.3569320594924117,2.429949706512003,1.1630800810574264,18.180792874035156,2,5.560268947123823,0.034129211893049335,0.0773994530941473,0,34.29501367007963,0.05,4.4,0.0,0.4,2.5744428573525378,47.75597313506181,3.586730868221004e-13
1863,23;18;10;4;11,5.688384568424324,0.5496861667943176,1.5619028688705707,0.13732939360883445,31.326234529759656,3,1.8396535690593812,0.2793656644773946,0.19555049882786293,8,5.15710575120557,0.11,3.6,0.0,0.0,0.0,0.0,0.0
1769,5;20;3;13;11,17.5125422925009,2.6219849761075076,1.796758961027332,0.7333904371475273,5.571701451604594,3,8.728686014281609,0.15776383131051122,0.22074196742493082,3,39.5405104899284,0.09,138.4,0.0,134.6,1042.076108658118,10568.879607511204,1.3721726337316727e-13
1721,3;5;2;6;9,14.481108755037798,8.032226272049998,1.2180125750845305,1.2571787243541435,39.83906653563483,4,1.8521050662715406,0.29455082907800695,0.18385323177403595,3,5.177434518096771,0.01,191.75,0.0,187.75,975.2197699785424,4545.2305153097,8.264696319397124e-14
1643,6;9;28;20;12,9.577764433270424,4.487405046988808,0.4159757150556725,1.3254991588523446,18.33994740299576,1,2.0453233895644902,0.29361405519227246,0.08393124045540941,12,70.07346665240541,0.11,219.6,215.6,0.0,1050.08492608094,570.8345496970942,0.0
1828,1;9;20;2;26,2.374205341713852,8.662989198713948,1.5920820012767622,1.9727766881737336,28.645826593895475,3,5.615112808866128,0.2081696516218968,0.08750917253259685,12,104.64810098267928,0.05,58.25,54.25,0.0,71.7101855473447,571.0334960842225,1.1002758925716301e-11
1873,30;9;26;24;8,5.461634579610722,0.2590769672548032,0.6679848127421666,1.871594871576796,6.478514616454401,4,5.582925535829866,0.23550089391188214,0.16851108228690528,0,74.55923142929886,0.01,4.0,0.0,0.0,0.0,0.0,0.0
1784,25;30;26;4;3,5.081794107982594,5.42432033194555,0.8026736385942066,1.4772220777689733,21.29445748518585,3,3.849216989444486,0.009124603319746115,0.007869379378947017,5,92.57252206221182,0.01,163.2,86.8,72.4,322.215219310316,652.1896803963309,1.57014817472357e-14
1723,6;30;7;28;24,13.611098479044566,2.170859736305811,1.429077596989744,1.3989675204164722,45.62916084529983,5,7.49896979903046,0.041621710134947865,0.08771807519989479,3,39.519704645980354,0.05,250.0,71.8,174.2,1302.9159032790155,8359.453375188616,2.5748249549638457e-13
1859,11;15;19;2;26,16.093122399369427,4.973273842366139,0.05446854610149954,0.21065397805543667,41.70537721247259,1,7.712614549641885,0.06605394504298351,0.008944883567901617,8,83.98825004696569,0.11,3.75,0.0,0.0,111.89881488068436,1.0429582546244172,0.0
1864,25;5;27;12;13,5.0357269321881075,6.169158992493028,2.468957088254836,1.6654417242078032,54.968447502049585,3,7.797319936405031,0.013935579410269194,0.09552420261704384,11,128.5701298154346,0.03,61.6,57.6,0.0,156.20212004382938,2991.326925657144,3.1468772910897376e-11
1854,21;27;10;19;2,14.287200640744759,6.351106037413211,1.7838103490847685,0.6344591802289447,26.23215615960197,1,3.2316479248967456,0.09245768432432695,0.08806311109678798,6,81.81582313357238,0.05,25.0,0.0,21.0,169.88698710966898,1698.272376179304,0.0
1617,10;30;1;3;4,17.473169263845072,2.584062835264458,0.9123182992989584,0.5179694465799616,17.702540728323456,5,4.762965751851203,0.08282590487650246,0.07522554589409897,3,97.3586922822391,0.11,127.2,0.0,123.2,1028.0329917871345,2688.1264681767884,0.0
1866,30;5;1;26;18,6.6132157603721105,1.2084852421070147,2.3329957245057558,1.4090911317575627,13.055655733831928,3,6.537953556029529,0.03352322470721356,0.033916975223896535,11,56.783209994319925,0.05,4.2,0.2,0.0,12.901435429464602,220.60522357233202,0.0
1880,1;18;10;17;12,19.07078883609513,1.7854390398151043,2.1798240326317027,0.8200024182959109,51.36236619183238,0,4.418778593795521,0.09206361860898245,0.026967560732120942,6,133.5333035301268,0.05,21.8,0.0,17.8,217.97775162603034,3253.9053360856406,0.0
1667,19;8;3;11;22,3.2963109203480343,3.893845486018208,2.297688592800724,1.972815918484434,6.407202056877603,0,4.00100228467934,0.26672516782633243,0.06486083857755974,6,96.02605820903571,0.01,272.8,231.0,38.0,429.4655413174054,7122.96044082445,1.1616720067665693e-10
1860,4;26;1;17;7,10.161340343561768,5.501991280460495,1.7913042397989185,0.7842627370550943,79.81420787709959,3,5.136482937915647,0.10709465659784058,0.29483083524242687,9,45.063192511925536,0.11,4.0,0.0,0.0,66.76910034247122,673.0759996158931,0.0
1881,2;30;10;28;26,11.002836661938245,0.1556489644125647,1.55312259841421,0.4562561225239623,72.2287674275075,1,5.128171802397536,0.17067426413827405,0.05126420742848809,5,139.14892583744947,0.03,4.0,0.0,0.0,0.0,0.0,0.0
1884,2;15;25;23;18,6.252312646631461,6.606993713745368,0.2829484531995566,0.8042760364589285,68.27463934447286,1,6.050961506525962,0.09357893064928458,0.14347465969016085,12,137.873094528706,0.09,3.75,0.0,0.0,43.361456059581485,10.906072442498456,0.0
1879,21;24;1;10;13,5.203422913035282,3.081462133698678,0.36439637667380453,0.15878381454784948,5.094851267858136,1,5.205458997020166,0.03825000527403622,0.24457554590922911,4,1.1929857864778404,0.05,4.0,0.0,0.0,0.0,0.0,0.0
1871,23;8;30;13;17,10.7433886615081,5.194068453298301,1.551599056793166,0.28249957774877593,34.87844639224815,6,1.2085273482367027,0.2439924427199349,0.2947573213631374,10,133.90728900121334,0.11,3.8,0.0,0.0,74.49769663359417,563.4452625715473,0.0
1847,7;1;24;16;15,9.546235282252782,1.6997864797456042,0.2103683814226257,0.6578404866398808,1.8025110192491756,2,8.699415549448357,0.2117382959278965,0.09315266539529038,7,88.64435022490656,0.03,4.0,0.0,0.0,66.80891707267946,9.28849252372273,0.0
1872,23;20;21;30;24,10.088660450392341,2.971862692645988,2.2489318485937284,0.8335887081577976,72.74497796924337,2,2.439012414104174,0.2276147057343734,0.1329467529006068,8,125.28957219369707,0.01,3.8,0.0,0.0,70.3820756808249,1118.3159860195842,0.0
1647,22;30;23;7;4,7.048351769826474,5.489372975454381,1.4448182596416037,1.9374675940376669,57.79621136155728,0,6.662596601372392,0.046781195836174995,0.04029352989281697,4,120.17182785176045,0.11,353.4,299.6,50.0,1129.4156421688583,7406.791410858243,2.4807586610132965e-11
1734,28;22;10;3;26,11.523818011010585,7.499343360347153,0.49914900383273286,1.0584853168685726,85.74449019337509,1,4.0111778712025545,0.05457528559780852,0.20502652724153556,7,74.98141314285851,0.11,178.2,174.2,0.0,972.3215618028671,761.0622955590509,0.0
1719,9;1;27;18;23,11.27286535264045,8.785009552307988,2.2207565034440138,1.958564075418701,53.019648676226986,1,6.671449645652772,0.09986880389346757,0.046688877342844146,8,78.10461880553343,0.01,205.2,201.4,0.0,967.6847620085206,14992.900549019594,5.236464840052418e-11
1889,23;27;7;28;16,3.1499350145572738,0.7753118479674648,2.0194336320062676,0.35920070988366654,36.81968130329333,1,7.898381699112677,0.07398929284705194,0.15457399047417858,14,136.74021710397125,0.11,3.8,0.0,0.0,1.627535567278588,20.851606975795203,0.0
1867,27;6;19;2;3,18.888158942182336,3.2758312018985016,2.1170122117758545,0.17941397791964417,35.81767023763229,4,7.747351917711735,0.05155676075455451,0.02885090724567757,8,43.9415340950486,0.07,4.0,0.0,0.0,77.74561493269482,1094.6429947293855,0.0
1861,23;16;17;28;21,13.219168776854294,7.39132501089518,0.0007120422023989991,0.7557586101010206,53.19474249503726,0,7.655095274305877,0.2853390461277869,0.17966160211723986,6,137.12445603922245,0.03,22.4,0.0,18.6,156.73852486587901,0.0002496531772034107,0.0
1882,22;27;25;7;1,11.75537194302574,0.8444213577937332,0.4522265214535713,0.93681617751686,10.220994117720817,5,8.164471062924452,0.0018490423769057405,0.1850844543878885,3,23.41077860727722,0.01,4.0,0.0,0.0,0.0,0.0,0.0
1876,16;11;22;18;13,8.711097558872222,6.478658635974206,0.374753049981545,0.3518613484637916,97.87076107981129,2,1.2872248547714134,0.2538489702321412,0.06004417450019503,13,60.666207612782564,0.11,3.8,0.0,0.0,60.26079252478297,26.58735068631977,0.0
1827,16;14;18;12;22,12.936823833877193,4.624931855789063,0.14755670568464638,1.265250924546271,97.41537264969567,4,5.251510327856456,0.03680189311504154,0.01545701107197318,10,76.77174432072242,0.03,20.0,16.0,0.0,175.41815797606432,11.99892449245237,0.0
1702,4;15;29;10;27,5.868282556296624,4.401517314307993,2.2818829546197397,1.8439049755103054,87.30303073914796,6,0.24522185507653435,0.02114970799060444,0.1754228126452918,2,8.739819309579367,0.01,373.8,0.0,369.8,839.7175501536992,13736.302024914494,1.833321182153746e-10
1836,8;11;10;5;22,4.5551834819333346,7.368350804939946,1.0013140739920872,1.385533681772155,83.21975506300953,3,5.835716597916196,0.2535012275998388,0.030462928628134045,12,130.51038539331515,0.07,57.6,53.8,0.0,140.56843323718684,442.7701329153492,0.0
1530,2;26;4;13;3,10.740215168872336,8.904765780871918,2.1171944601596673,0.34275443164506597,92.09043171569033,0,8.88058414458502,0.022410208630280613,0.2502119342365391,1,12.584376478457528,0.03,250.5,0.0,246.5,1190.5062691117141,16764.98068054454,2.2347750138183129e-10
1807,18;8;4;6;1,11.901714513510525,7.600202102111275,0.2449442115996925,0.9955649097857506,63.12079027991393,2,4.361708486154362,0.16546575084592402,0.11616106170799904,13,89.23938772499007,0.09,103.2,99.2,0.0,603.223370275306,113.70050489904811,0.0
1888,16;28;3;13;6,13.906180966435345,6.215411457239232,1.135448518162783,1.0570352956859208,61.93678300775828,2,7.5500277856818645,0.07572914914107894,0.014575311619854814,12,139.37153205755496,0.09,95.8,91.8,0.0,677.2400787033226,2743.010183425646,0.0
1896,28;3;21;14;26,17.622729792929686,2.3734753097365333,1.7480801621704187,1.8007038653617404,68.5530807721324,2,8.008386291221353,0.05088111287645188,0.2110319495219808,9,6.173297192884794,0.01,4.0,0.0,0.0,2.6435151594686244,25.37782314808417,0.0
1887,13;16;24;2;6,8.47569749820057,3.5713470185723004,2.1043485696102007,0.9484663324432613,58.90990781435512,1,8.762762204533733,0.00630817578472197,0.06824222182746505,10,66.5474515353366,0.11,4.0,0.0,0.0,58.52128633616889,814.1400030550092,0.0
1697,4;3;20;24;30,19.071164763429987,5.465281271423834,0.3755941738049824,1.276627048658297,89.74976901903612,2,5.646171916325263,0.25595394751439454,0.2214640926334353,2,30.14726242000593,0.07,276.2,0.0,272.2,1970.6028147609206,873.3466631985884,0.0
1875,29;26;30;12;10,13.368028595995872,3.305732225436957,1.671060702951366,0.9839908896736494,75.70036753436459,1,8.48160046326466,0.2273883834574514,0.0124498244034424,6,73.70513094057856,0.01,23.8,0.0,19.8,157.31423033951089,1380.0738767676924,0.0
1906,15;22;16;10;23,13.428045754191949,1.6331943828673834,0.8721287618667941,1.5345450197726758,69.41443256994178,6,8.808933248627808,0.10895799416070959,0.09194616324323969,12,8.687051657862392,0.03,3.8,0.0,0.0,0.8973446778257321,2.144225135164386,0.0
1902,21;16;10;20;8,13.703289684978614,0.38013497524773565,1.3724631638080689,0.3430246817889179,15.547719742689093,5,8.048425560178813,0.1814322347489631,0.024613618716037743,4,67.63349661570076,0.05,4.0,0.0,0.0,0.0,0.0,0.0
1911,11;24;22;19;1,16.19722940608798,0.3078575924909699,0.07198641456046277,0.47973002547225335,30.828900509551904,2,2.6342840831866368,0.06416929038372439,0.06866366183430968,6,45.867694599212854,0.11,3.8,0.0,0.0,0.0,0.0,0.0
1757,5;4;13;18;14,11.133815837693065,6.496018129292577,2.3064677459315703,1.1957719109717837,14.080477363958687,0,3.627272187395398,0.04995721015055673,0.15113150728161873,14,48.80131423942565,0.07,155.4,151.4,0.0,843.4783451126347,14096.736486344995,4.0511298206867315e-11
1883,17;8;11;29;20,7.70398929518692,4.46089191075303,0.707510685854108,0.7214100824015729,44.49870852405605,5,3.6324216175613127,0.1024627859343685,0.1637041362801242,11,38.48024276449942,0.01,3.8,0.0,0.0,51.50330371613228,80.99364942944518,0.0
1903,28;5;13;1;9,14.20552187418651,1.0697278272192434,1.2737731439359388,1.0571619976778666,72.51913721700812,3,4.977223796600937,0.17689975163526028,0.09350414752612397,13,43.78391681305671,0.09,4.0,0.0,0.0,7.1301087084120764,36.3437888035896,0.0
1886,13;30;12;15;17,15.628933428671788,7.903377070056586,0.1570099695955136,1.4009139490928446,38.099854035850555,6,4.897535227599679,0.21178095947869738,0.0842157478193054,11,81.4718788170021,0.03,6.6,2.6,0.0,116.21801034638258,9.000730696573779,0.0
1891,26;11;29;30;23,0.27111686665604057,8.38640414639057,0.649582939096774,0.07790045951703516,36.11147410703993,5,0.3272659763532007,0.24850495764380537,0.263853298873561,2,57.901309748029135,0.01,3.6,0.0,0.0,0.2977381182443543,0.39468764494211117,0.0
1890,6;1;12;11;30,9.473676031218478,3.1059017050658264,1.931764233928968,0.305137488377373,60.86898020093795,2,2.641899823977856,0.29369922946424676,0.22395344884932333,13,139.09648091257944,0.11,3.8,0.0,0.0,66.08296852524981,774.7251565056179,4.330989420907318e-14
1893,22;12;19;28;13,0.9258835325876856,8.09727099643985,0.9636187221398917,1.8606315162605243,86.05552399372499,6,6.192013550624336,0.016315985072615145,0.16059164391769218,5,98.27935440893063,0.09,6.6,2.6,0.0,7.0006648903012545,20.42206341994343,0.0
1632,30;28;16;25;19,12.346852306676311,9.820527450282762,1.2750896102700524,1.5220672362466037,56.63681552363013,1,8.858307179714645,0.09662222812960507,0.2904781062588268,10,105.47669237189108,0.11,220.4,216.4,0.0,1115.6445774691133,5698.455296640701,2.044387925812551e-13
1808,22;23;8;16;20,16.845611051819393,3.6912318538242572,0.8061085596269513,1.1246017933203976,12.717064846613225,1,8.081611557718224,0.20509494406011985,0.15090087862861526,7,78.96842110792049,0.05,95.0,91.2,0.0,1034.281069910093,2111.4242935409156,0.0
1676,6;18;8;13;21,8.931983304292498,2.9714250668597453,1.2359278169462689,1.3993138381750354,8.570366883079238,3,4.1421996511540655,0.0004016932275584528,0.2750280010093401,3,90.8889162344641,0.09,425.4,217.4,204.0,1437.7018791428452,6899.298370135858,8.740355191580808e-13
1443,4;9;21;15;10,2.9465910390361416,9.71788778307655,0.5791178152991074,1.5954965272685049,66.55985675272592,3,1.0372192920959566,0.024974627853385722,0.23381601428397242,2,11.436669203216308,0.01,379.8,0.0,375.8,454.28064461950015,478.6388612565502,2.216547550865832e-12
163,21;9;5;10;30,8.246524369909208,4.365669646063102,1.75496706366859,1.3061316578833764,0.1966236374625785,1,3.661793785660179,0.20029257623724764,0.2601277735621178,1,66.46914492745574,0.11,2186.2,1224.2,958.0,5896.830707830454,57056.67679042673,1.0817774073432611e-09
1907,21;12;22;11;16,13.993974669940076,4.062939976578161,1.9809008939907329,0.7245220553741392,76.60043487654961,0,3.112668915513127,0.04698013945132634,0.13765057776605483,9,133.36604347868476,0.05,3.8,0.0,0.0,97.26258661391194,1199.0055234040794,0.0
1909,22;18;11;1;15,8.07040120374359,6.027434766389691,2.1458276713391697,1.6908003204489492,80.84497728848254,0,0.6452310984250909,0.28238257303441733,0.25049981273134275,11,37.168736476374605,0.11,3.8,0.0,0.0,55.679679740709865,805.4457311826162,0.0
1824,9;3;11;1;18,5.00467891614677,7.029735651483513,0.26975659253772394,0.7221258272861287,34.64661644158574,3,5.414818756886223,0.20589206455078607,0.026928926786179218,1,42.69718066223148,0.09,98.0,0.0,94.2,271.1595003229411,61.989599703578826,0.0
1898,21;30;12;24;6,14.85734177547979,9.673315223716708,0.48271424404543506,0.7541495677630404,75.87997067813929,3,7.774382161131175,0.21293223764338412,0.010023129638304573,6,52.59201926657136,0.09,23.6,0.0,19.6,160.4358159145455,117.44416067194486,0.0
1905,12;4;6;1;19,13.727297064432037,8.364919171744209,0.9600717257895387,1.5797878131170273,95.0531564557923,5,5.171440481816281,0.12402437315613124,0.134341769974508,7,56.87743896875346,0.09,5.8,1.8,0.0,93.87299341942395,271.83032181505155,0.0
1908,5;26;20;22;24,0.5378962294365894,4.380528325909428,2.6070043325651606,0.9134094534475907,12.17907908145348,2,6.526222612066555,0.015231314463311784,0.20981667629944278,10,111.40923392304137,0.01,4.0,0.0,0.0,3.0311252236357706,64.71981349746389,5.92340306297237e-13
1910,30;9;29;22;10,8.840697462571189,2.6892233894730166,2.085613368559266,0.6733769818084763,14.508690972022409,3,6.118627890314757,0.1413978297791234,0.20850766983020472,10,132.76215455981085,0.11,4.0,0.0,0.0,61.708069768261225,843.2559970282782,0.0
1916,8;28;24;10;6,17.5803763737553,6.591941708724974,0.16120300842202007,0.10190438592167328,44.59664195014058,5,2.304070809502007,0.06590137914305486,0.19432272210793108,6,7.111213462028805,0.05,12.4,0.0,8.4,90.94926675685221,7.424981223782437,0.0
1568,3;20;7;5;10,17.987696606304567,2.0875002363601713,1.1454311582652061,1.6349966980094042,83.80227008053008,2,6.376231796933965,0.14705428929184075,0.10405844766329228,4,94.95427763676355,0.01,251.2,110.6,136.6,1823.7621667805495,7517.1992250245185,2.0138148495755244e-13
1919,25;6;14;13;26,16.349546906506294,9.705207414654577,2.353298368926947,0.4193993953668302,64.83919163398765,3,7.97501208961149,0.054304227174004314,0.2298372169349944,7,86.37133198053635,0.09,4.0,0.0,0.0,108.5074449214225,1887.8322345219804,0.0
1874,25;10;24;17;26,9.685890153389758,7.887954082202326,1.0691182781043491,1.5890679457738164,83.43737023659772,1,2.307473992350717,0.12251770554780161,0.24385097511087395,14,25.282203498982895,0.05,4.0,0.0,0.0,58.418596218171785,209.77440525881366,0.0
1914,5;21;6;18;4,14.433989957445684,6.472865474890277,0.918334858844099,0.04932189912501475,55.17062807009169,1,3.662758125910846,0.13655542441678084,0.20824959861269,6,78.46393165038195,0.11,24.2,0.0,20.2,168.14411616183673,445.48561732087694,0.0
1933,19;20;25;24;1,6.608818162922698,0.9346115199002714,0.0038704093460889765,1.1040132507973068,94.90321231237854,2,7.5443627447208375,0.043639072481108564,0.27100346746362264,12,60.54773833796195,0.09,4.0,0.0,0.0,0.989912754300464,4.658655454424644e-05,0.0
1756,13;4;19;6;7,15.852554066660208,8.192312257685986,0.4791588083647973,1.3049272586036225,60.01735527438947,4,4.015860753495573,0.055001041514757106,0.16633496018692948,3,35.957170520496284,0.01,272.8,54.0,214.8,1477.9398700620218,1066.0205829479205,0.0
1895,22;5;10;2;25,4.83883570872541,3.5145577688574603,1.866488280422098,0.3784753407562964,31.080582202857244,3,7.977379558994175,0.04302560924415045,0.16414181385803642,4,24.76052559102206,0.05,43.0,0.0,39.0,117.85819383870005,1289.9123140000288,5.127272651748134e-13
1626,24;11;2;23;8,16.79384539888481,5.746037733970749,0.6644077712803627,1.2615550951332233,34.638274469612476,5,5.18381224724834,0.09848395389561236,0.06436464006990913,2,34.909512698189225,0.11,414.0,133.75,276.75,2653.2423951578958,3679.5627015683735,0.0
1901,1;29;21;26;3,17.528700579140107,6.003510750308662,2.064273768526431,0.6900712195069215,15.910589812167153,4,8.768740947209654,0.026289933399703192,0.043069316223365135,8,34.453578221853284,0.05,4.0,0.0,0.0,75.54456023410395,1011.3178153174786,0.0
1918,25;4;21;2;28,19.019456311031202,1.5372259469026095,0.09002522392673074,0.9108822690250342,98.88201042912078,3,7.165711323695954,0.10774500606132373,0.10830956146829834,13,127.96706655135048,0.09,4.0,0.0,0.0,133.04621128007162,3.387511709314282,0.0
1161,16;21;13;29;4,12.12001405517192,6.089116696967727,1.022046203980013,0.1001030004330507,60.917827941427575,1,3.017850794605885,0.28039093440184343,0.1569075582482203,1,12.903116340997684,0.05,681.6,0.0,677.6,2855.333428471795,9370.176286125497,9.60710602121264e-12
1939,5;2;26;20;7,10.957106384447885,0.7294309446772729,2.0253250568587253,1.3874571267093474,42.89330866621287,3,3.05091412088568,0.07798415831351482,0.2159926749494878,3,8.255657822747702,0.07,4.0,0.0,0.0,0.0,0.0,0.0
1937,3;25;30;4;5,9.065437847731062,0.7965128277429534,0.2879794160115998,0.7173144261593405,6.100721718446045,3,3.3394489278703263,0.13390307724405695,0.2222112168000845,11,51.46387640927526,0.07,4.0,0.0,0.0,0.9095571226273218,0.23697511634491947,0.0
1885,26;24;10;23;5,17.74887599491489,9.722289014251267,0.3365831860255055,1.077753374084648,61.57567538195546,1,4.059280181604007,0.0692669639703516,0.2641426550654714,4,23.665430661127058,0.11,65.6,0.0,61.8,438.6885492566071,156.13167011065323,0.0
1900,19;23;8;22;20,12.385549152637813,8.05745463879902,2.4977528452255537,0.40136367792224803,60.870358425325186,6,5.347989925806095,0.2251861581517868,0.2541944343450665,5,45.807410332075534,0.11,53.4,0.0,49.6,276.30148951953595,5415.418491544719,1.3097052890373073e-12
1912,21;9;4;12;13,10.799912476539975,8.260642803285991,2.0483659308885027,0.7997793911008443,27.15692333685862,4,9.04972422905011,0.04851047911847571,0.27554132754186017,9,67.02956383787767,0.05,4.0,0.0,0.0,71.74879806914691,945.7570572149592,0.0
656,4;14;10;29;1,10.375356736387769,6.525659344476473,1.730555444835465,1.3666637428921138,25.67550434343726,3,0.026560208743542143,0.11169147647371591,0.10968982925431549,0,44.78717353131331,0.05,2049.8,860.4,1185.4,5549.320529219065,52210.84467265461,1.8594812910142901e-09
1926,17;6;27;21;23,1.0459927490599812,2.1721390324749223,0.23965348076466006,0.9590079483301471,50.618550215617915,1,7.901061488066679,0.07736102590685544,0.2704211204621843,4,46.63294526146265,0.11,3.8,0.0,0.0,7.058457609933808,1.2735827432213214,0.0
1894,1;28;24;18;12,5.103599150388682,2.521148675031102,1.6970702887681992,1.4522655071470012,36.06053482159014,6,2.3955044317632033,0.17553983663664938,0.2576188448227166,4,16.663740968695667,0.11,60.6,0.0,56.6,120.43217366792994,1089.6626324766144,5.929160757983175e-13
1897,26;17;15;6;10,1.5458463544346897,2.3032295026611136,1.0789185291212382,0.9398403820729299,96.44844986545753,2,3.68076920367603,0.11206510599623944,0.22256357803893181,0,115.18710603626475,0.09,12.0,0.0,8.0,17.831072008376445,65.20856300891326,3.9741905929535095e-14
1892,9;3;15;23;19,5.562767160015254,8.224006839393077,1.794422708260711,1.03936532941991,17.250316884338503,3,5.93191490930596,0.13190838338987051,0.10361961196388993,11,50.497028935390375,0.03,55.8,52.0,0.0,165.05639035751582,1669.6741715805213,3.04054866523019e-12
1922,22;28;7;26;19,8.171401469064547,7.566615604998099,1.3007649303699325,0.8956271284321272,94.8198484575727,6,5.135192672708266,0.2158202945808275,0.12425272731631776,6,136.91681414377268,0.05,24.2,0.0,20.2,95.76999084341608,509.069359040783,0.0
1913,29;15;13;21;19,16.991775825685995,5.115130469612092,2.632878963370509,0.9130465223122025,66.35386727126934,2,1.8755207249039247,0.0237094332876997,0.006183781196818272,0,97.60096488354444,0.03,306.4,44.4,258.0,1943.7339135228729,42330.02001997684,4.3630076960137786e-11
1943,17;21;25;1;11,0.8119705708327647,0.01975394231995775,2.205156451091621,0.42457314380779204,20.58412422898327,5,2.9600598296845524,0.18645967710135278,0.12457505931532918,4,10.259522756354123,0.03,3.8,0.0,0.0,0.0,0.0,0.0
1956,25;19;26;2;20,9.404155136200508,0.3521006450066455,0.4295189649390931,1.0243853692097016,74.68810221573597,3,1.2947038621006584,0.07499823544371781,0.017899914423966466,10,123.12006061543195,0.07,4.0,0.0,0.0,0.0,0.0,0.0
1899,27;6;13;4;14,16.878105810341147,0.9716391565258176,0.8747106529625558,1.9504768600831113,82.13522559840018,0,1.6071610517032942,0.07206119285291226,0.2982442235029615,12,120.51508635065332,0.09,10.0,6.0,0.0,108.92612371949704,261.82478355228557,0.0
1929,22;15;30;19;8,9.885204707685263,2.5315743988236648,1.3619130458478188,1.0628376728801583,57.64455531690983,5,6.622134682103977,0.06831488774971763,0.12035533353499868,8,108.48835783715867,0.05,15.0,11.0,0.0,105.45217270961794,614.4749246860993,0.0
1954,27;28;12;16;6,10.182145625422491,0.3966182979024502,1.8803935247214707,0.5237676520748974,43.3114621477527,3,0.39963823718165964,0.26801694272781035,0.10193033265548322,12,27.521530453880818,0.07,4.0,0.0,0.0,0.0,0.0,0.0
1958,14;23;18;15;30,0.6724464768117101,6.578619620275546,0.05328742156055641,0.7737235554816084,37.6849234418721,1,9.047726891000705,0.026658257904651515,0.27238445903748176,4,119.10055985871132,0.03,3.8,0.0,0.0,4.418608058127153,0.039417108760611434,0.0
1159,15;6;3;28;24,6.827597555548983,9.019632811137342,1.8578302432450942,1.5639890137742254,42.82113266896573,1,3.1703726231390084,0.2074354743101935,0.23183394384018818,1,123.16363913566417,0.05,967.0,599.0,364.0,2251.6406104538937,24415.240265565404,2.028341822086153e-09
1927,15;1;5;3;24,8.406066008803482,1.2431477110741584,2.6515777434984096,0.6835769499559737,78.01845878857677,1,8.438972799562542,0.11441499768878532,0.04198357233850518,2,48.724633165701626,0.09,20.2,0.0,16.2,83.66962005198471,1848.1039684297655,1.0487686045527403e-12
1924,25;18;1;27;10,3.8611612169078833,5.262817496686782,0.7570149221991863,0.5640537664556697,49.94013940378916,2,1.150342992601879,0.0029779515397125754,0.19399241726441677,12,29.967050893398,0.09,4.0,0.0,0.0,26.879560619617546,48.39281868634457,0.0
1953,29;1;26;14;17,10.122203407541656,1.2266014021175808,1.641146840946252,0.21043546560262621,50.58480767210679,2,8.646353012333645,0.1440672468897753,0.010115721503742136,2,12.52927608371331,0.05,4.0,0.0,0.0,0.5052314473104971,4.27499026017608,0.0
1948,3;9;22;24;13,15.421911375780704,8.717799236699777,0.47480058740746495,0.4403314780475927,48.29577710734484,0,9.087046866517408,0.2707531658402118,0.29814185924422715,7,15.672039302617474,0.09,4.0,0.0,0.0,61.655803271646754,43.66629335700226,0.0
1651,5;10;19;1;12,17.123939577867404,2.5219553236080703,2.0249800613385838,0.31537177942277017,77.25488613859794,4,5.300840564759361,0.06570094272380757,0.20335935231524385,0,30.053504370361726,0.01,446.4,0.0,442.4,2972.4950997406318,38292.39434569674,3.3453408569506755e-12
1904,28;1;24;2;17,12.928419209576854,3.866432213239209,0.48342041531445595,1.2599109146026135,79.45127347986677,2,8.474052481629586,0.24806977270055255,0.10997112927454232,13,55.19394085752251,0.11,29.75,25.75,0.0,272.0614560384961,199.74083679876065,0.0
1950,16;8;11;20;6,4.700472846365103,5.391878128311429,0.6297030565317863,1.504173353214771,77.4156932619198,6,1.4425351858245141,0.01897230518041113,0.09544372393985386,10,67.25274965955408,0.11,7.2,3.4,0.0,36.8149917214829,45.861281129474186,0.0
1858,21;9;25;2;12,2.224733152288505,8.21750638749969,2.7291393320241433,1.0865924199990067,47.80254884963008,2,6.847062220439514,0.11737856233316181,0.14364096217245495,6,85.43673363531958,0.07,112.75,108.75,0.0,123.56839008506336,2891.4033385128664,2.8868411733551397e-10
1284,7;14;16;17;4,17.20862272282363,7.868875528066611,0.14333738261985327,1.8806370048270604,0.32336873258718146,5,8.07771713843756,0.1794603670772068,0.14642552463555758,1,33.51087031152844,0.09,704.4,259.8,440.6,3794.601224651935,244.92603670435432,0.0
988,30;19;9;26;27,6.697113191159241,6.585611584990505,1.201775002197777,0.9901691645063788,38.43528890202914,1,2.6852330545897845,0.226189122962844,0.09822591146156906,1,57.58386232350558,0.11,1544.6,747.4,793.2,3307.1858451253747,15005.64975570812,5.377217430010046e-10
1821,27;30;4;21;12,14.162234783193144,4.370823225953691,2.785786829875045,0.3113975892477726,58.78731787974968,1,7.869197573920574,0.23998415207674959,0.06694386041811785,1,131.09865388296151,0.07,129.8,0.0,125.8,883.0895088014888,21530.313807772774,1.0728146869267568e-11
1941,10;21;16;29;7,12.811128533535491,7.1770894735454345,0.2688188458540798,1.5714955841556875,62.56030666668323,1,1.2497776229541946,0.2876216151152406,0.25322490419695676,9,17.453489043025936,0.09,4.0,0.0,0.0,63.92445599058131,14.512303014371389,0.0
1915,14;30;15;10;20,7.676670498015987,4.283678718808797,1.7216254598199958,1.1797850565465,68.14656301063636,3,1.2011136521393215,0.2793032646124985,0.23408813450493016,8,47.140418834167875,0.09,39.4,35.4,0.0,175.57901362390908,1634.932513277055,0.0
1964,30;3;2;27;5,13.895775843967533,3.7284705300980314,1.671276666242716,0.48181915928968155,61.240667735435004,0,8.414952711695404,0.11532576623915461,0.010049562709268134,10,117.85498596059455,0.07,4.0,0.0,0.0,96.71534860562598,848.676103517376,0.0
1852,27;23;25;20;13,5.4443712685536925,6.580001645928622,2.5135416547201084,0.5162527553841049,53.154038165942865,4,5.425836254005207,0.10131713306633795,0.10991668498606902,0,81.54230278144499,0.05,93.8,0.0,90.0,289.5101392200006,5746.267302913933,8.859876758165224e-11
1973,2;18;30;15;5,13.469416682616652,0.0058255526709483085,2.3316256355431637,0.9754869742964635,69.02431464267245,2,0.10493097162508692,0.08740572105799145,0.24089124659590838,9,85.10411357277286,0.03,4.0,0.0,0.0,0.0,0.0,0.0
1974,25;19;23;28;3,11.992146704844723,0.2728040109304286,1.5612360369855944,0.5488312947495638,9.264410643412269,1,8.818214651307356,0.02877844490838355,0.17820001493571044,7,26.882731240666185,0.01,3.8,0.0,0.0,0.0,0.0,0.0
1957,1;27;20;2;19,3.2299201101694344,1.7899554134652806,0.7470203295764443,0.6018798533099192,95.63843467389496,3,4.1581539985881895,0.04735253788207261,0.2989719248748597,9,80.95935597473161,0.03,4.0,0.0,0.0,22.599361404551264,39.61967256212041,0.0
1977,28;25;30;7;29,2.2015452686480073,0.12398671890097468,2.1355625731813963,0.08362976051380544,96.41825345033621,3,5.129260542226233,0.014412938905137595,0.29674740595340793,2,89.46446837609201,0.11,4.0,0.0,0.0,0.0,0.0,0.0
1969,17;9;27;20;13,10.031319746882742,3.1137225733423457,0.46405748119268453,0.3185754553967779,69.35259755353046,3,1.6504231563047111,0.1802630478726352,0.29196416414225107,13,3.2144317592043126,0.11,4.0,0.0,0.0,2.0011344307040573,1.3538473334221384,0.0
1976,15;7;3;20;24,2.009310670333517,0.7961671343254806,0.6079529054166055,0.9103647749893558,46.25601132959467,4,7.721236362483822,0.1086791693460821,0.1732013696260907,10,105.81873988352457,0.09,4.0,0.0,0.0,1.41048263426473,1.6377872763028436,0.0
1970,11;25;15;17;24,8.013208916456223,1.0461892091487557,2.141151810057746,0.832789274310387,40.04380971202735,2,2.3402225071961618,0.14922933774065986,0.03484056088929297,10,135.89496279872404,0.05,3.8,0.0,0.0,40.02010226256458,576.3986930961516,0.0
1962,26;11;4;2;27,4.45563836632468,1.939613056151509,2.0001593033841782,1.6151059739946767,84.81915235184687,0,6.258968278904863,0.27692191425531504,0.10068273702108312,2,103.09619357354453,0.03,286.75,269.5,13.5,663.6928859500748,8341.53945567767,1.3256332355210804e-12
1986,19;17;21;16;1,4.101967063003958,6.969202580694496,2.729406101413513,1.489882994678939,23.59931484902138,6,7.074213001116762,0.1017918936063807,0.05311801760373986,2,0.3899048922905557,0.01,4.0,0.0,0.0,0.0,0.0,0.0
1987,20;25;21;18;30,0.11246237564591324,6.3665141585798075,0.059371963250936584,0.6524780146378616,64.23322543287388,2,5.575006151339727,0.0702206731976991,0.03307013354524735,2,44.76507066796381,0.05,4.0,0.0,0.0,0.022494938658223676,0.00024911363899203097,0.0
1935,30;10;22;1;25,8.546258538271053,2.251603838003866,2.789929327672111,0.21437631042507893,92.70414059318546,4,8.73976025145232,0.023832599646284747,0.07192420900926026,4,59.59781925726473,0.05,53.2,0.0,49.2,242.29302728279694,5924.84772889767,0.0
1983,30;20;3;12;16,12.684811050005484,0.7011250223814924,1.9334620937251967,1.0991265398229901,4.216576660181326,2,6.656569283979982,0.2000803217838646,0.15163816942781044,9,48.37834325797252,0.09,4.0,0.0,0.0,0.0,0.0,0.0
1592,9;14;3;30;12,3.0337514270250887,9.856869146227572,0.6241079486612668,1.3000176366670337,79.2251378426466,2,2.2507620976932605,0.2856569251973742,0.08444461887673421,1,102.08672147408424,0.09,540.2,360.4,175.8,681.019062233963,833.3521661309478,1.2860743598588424e-11
1963,25;3;28;1;6,5.851901756934945,8.140121845160374,0.44736297185402873,1.4728802740022584,24.749363656804746,4,2.972536138176821,0.293528114162515,0.14966831299577166,11,92.4364224200155,0.07,32.0,28.0,0.0,102.09982289412923,64.19407288531015,0.0
1940,9;6;25;29;11,8.348020267594999,9.797184552825378,1.3011053164483988,1.486361007986488,11.057728214530481,3,3.540817250728764,0.16000190442116433,0.027639779186959267,12,98.20178194428749,0.05,59.0,55.2,0.0,251.04232183012226,1335.1243558037968,0.0
1982,1;4;2;9;6,15.891218154818617,3.780017016235755,1.4750697973991205,0.8084317521789711,87.46601627336399,5,5.834429258093579,0.2343386319257643,0.1864863352073307,14,57.513506529377665,0.11,4.0,0.0,0.0,101.78198206188257,695.7383103029243,0.0
1946,21;30;13;11;28,4.521148759236158,9.952333473293871,1.029011784271793,1.1599739454334979,37.326321241033234,3,5.373640283601557,0.09323589002538678,0.2604589022159011,13,65.63262174358363,0.11,59.8,56.0,0.0,139.74138746248062,464.8529809992774,0.0
1980,16;23;15;11;19,3.83009216905949,3.382059070029695,2.4766210054512503,0.5482522170286055,23.84604368108707,4,1.7388706270129048,0.07217714075865256,0.21698434788408621,13,19.34411044435057,0.05,3.6,0.0,0.0,26.733773227399745,515.1447007200608,0.0
1990,15;5;17;9;19,6.403411425375661,0.38363533464202737,0.5619927404188989,0.5424173760128495,14.551650763660074,5,5.568362008874945,0.10023640754371843,0.009361987627428714,14,3.789267276555417,0.05,4.0,0.0,0.0,0.0,0.0,0.0
1816,7;4;18;12;6,13.445955966146144,8.665280071354902,2.3153959825186043,1.4137547136486976,9.021927453854051,1,4.928855435543732,0.27510407445020924,0.01716676080095325,9,111.13016809418804,0.03,206.0,202.0,0.0,1116.6755546383497,18807.342455146678,1.2563386693900411e-10
1978,26;20;29;19;25,17.121745177673212,9.854910832378751,0.9384163390339032,1.6850843123911263,3.4322149922920153,5,1.151930996084842,0.05973037572097431,0.10803442170127252,12,90.18979674646738,0.05,10.6,6.6,0.0,149.26883271201473,412.96203841814815,0.0
1765,16;18;26;1;7,18.546344906966862,3.939928985696838,1.3108820113633282,1.1415998886375527,90.75584793834388,1,5.191342172423756,0.05731943900159808,0.0498161164999529,10,135.0893793722684,0.03,149.8,145.8,0.0,1475.7213561101603,7966.754653855404,0.0
1932,11;29;10;8;2,11.595877334932624,8.579117432278219,0.5760400865497888,1.606801676111285,3.281407256897184,2,5.9671182082933925,0.06073881252090345,0.004504693291154782,8,73.47949506807988,0.01,93.25,89.5,0.0,561.0510354147541,584.8677231826482,0.0
1984,10;7;11;6;27,17.191167204825618,7.961004539945403,0.5393145439585236,1.6306384558835458,79.92056805710205,5,0.5845336053568094,0.16824310374470647,0.05596423287820231,13,94.25202947438,0.05,10.2,6.4,0.0,154.23632870008194,140.9356349359175,0.0
1985,12;23;16;21;15,11.113926542036378,3.841910198858771,1.4168625512048365,1.0243726081612539,3.0011555623312813,5,1.8236307545602115,0.030879611415828255,0.16463238435044472,12,45.57991355569224,0.01,8.6,4.8,0.0,91.69902446588499,578.3224233613175,0.0
1646,22;28;9;10;20,5.348682647075817,2.6223521689396465,0.056858137556901764,1.1973443160428134,86.36333738955683,2,1.374078415845263,0.13720903745584603,0.1465517533313254,4,136.47906871058385,0.03,316.4,186.0,126.4,680.9246130537316,6.9156684640024935,0.0
1989,6;29;20;18;5,9.788032456849473,2.6288305796558173,1.4824803257193941,1.7022199442151005,7.9339343011436085,6,5.999911903652442,0.26302759123670116,0.17511496190456152,14,81.21530068408454,0.11,7.6,3.6,0.0,77.12257312650941,532.4873079143588,0.0
1878,7;18;25;10;13,16.421407600957654,9.039575696744057,0.7238275505878615,0.17357329790140077,81.80004544756443,5,8.037676346843792,0.0012233347958895302,0.18944268467435102,3,27.319018204918436,0.09,167.4,0.0,163.4,996.8656549882238,1640.8040711354365,0.0
1972,11;29;30;23;25,15.734520170639968,7.845341111445389,0.34036091350895303,0.7191362503301573,33.01926179716806,5,0.9338459273512281,0.26840975134503714,0.06668590859337509,6,48.677793873261116,0.11,20.8,0.0,17.2,171.2552427344756,62.32655312787709,0.0
1995,3;2;25;23;27,10.850703573330565,5.460144597249641,2.2834555755337202,1.0256896286208381,90.1003241663132,3,9.087006994810016,0.12455415316656099,0.02961558780422023,7,30.003696746016374,0.05,3.75,0.0,0.0,66.60780465547074,1091.0888715940516,0.0
1992,15;8;22;27;14,0.8258412610526149,4.757211045381469,0.5643069941560213,0.2207265909992516,65.42985603918457,5,5.298446303818374,0.17179404229157003,0.21229852874442187,6,79.64134973606858,0.11,4.0,0.0,0.0,5.767883544835586,5.770284444109801,0.0
1959,9;3;26;12;20,17.991202821836424,3.7745824795540175,1.5040136427285993,1.2394219022648054,69.72916087815958,3,0.8896154193622096,0.07751297490909452,0.08119075571512853,8,59.19372736170403,0.11,8.8,4.8,0.0,149.1747688356674,1060.1047919365315,0.0
1968,13;19;5;11;9,9.228956927165282,1.9485038690058831,0.45537946868562135,1.4009905269651084,2.256611436083711,3,4.274192223565376,0.01165741660712516,0.11630417304144797,8,70.21850715308317,0.01,52.2,48.4,0.0,270.8636011551117,176.46046240580816,0.0
1996,7;22;23;29;11,0.9933605507186172,5.993912565162585,2.545095575897743,0.7467682318551694,62.61850667192853,5,6.313375482855403,0.20119270060428748,0.17220528080380398,12,54.1777378508627,0.03,3.6,0.0,0.0,6.904406948835532,140.50262743027514,9.038005405315657e-13
1991,25;22;1;17;13,4.171063203233647,4.612677273701415,0.8304277894242394,1.7423501158213008,34.59621303799641,2,4.109483421731532,0.19594383114254488,0.059537643045863474,7,19.418156857380872,0.01,6.2,2.2,0.0,34.65504744331288,75.07928332499367,0.0
1705,25;3;23;29;11,7.607528985211564,6.933630480371794,0.2956991346162402,0.3505258890255033,43.0336453369399,1,0.28769426143793353,0.11975171106944077,0.006997474626744182,2,15.87520402349311,0.11,479.0,0.0,475.4,1529.6740585709229,420.1930659758772,0.0
1994,9;8;24;4;29,2.755440780997917,6.882865213852735,1.106257177302476,0.6778266394749287,40.55967812734165,0,7.742920154413897,0.22072823051553464,0.025116905222350216,1,109.42013528486488,0.05,9.6,0.0,5.6,25.465676754755965,97.9078012498065,0.0
1993,10;30;24;11;12,18.96714280581779,8.423418500563733,1.476200327656879,0.7983860425275013,58.182486060614025,2,2.1497679633697127,0.28797671922425866,0.09587991216184528,6,63.410779231105316,0.11,18.4,0.0,14.6,174.69411674600588,1195.9657616575737,0.0
1952,10;7;4;6;16,2.6280532944459756,5.9997666001796235,0.8682458973393284,0.4143748932912669,42.65856515448837,4,2.3384947311458437,0.04449727343454125,0.06942974552961428,4,79.2923857127825,0.01,74.4,0.0,70.4,92.91355862528951,220.04649049781702,2.9868499580249173e-13
1931,29;22;12;16;27,12.210153202961502,2.4919748920011564,0.16009870035085444,1.1028345646615756,61.896756088085304,2,5.968231640404765,0.13142111107644508,0.07887357665717333,10,121.13437550425289,0.03,102.6,98.6,0.0,659.7135322748098,53.12279025324941,0.0
1966,15;23;28;12;14,5.010980714332067,8.956139681921472,2.4190621235907748,1.2863366692923373,99.37665290243268,5,1.2738554866963852,0.24400819273960775,0.08577034863036768,6,81.20521278013959,0.07,36.6,10.2,22.6,79.04163166791724,1453.1144205666671,1.3921354965710823e-11
1862,19;25;1;24;28,1.469043378053026,9.073394990095696,2.010832470869462,1.2201289017411652,0.5639345561519349,1,4.921635512706604,0.06517740912535862,0.023070862425617143,0,56.859491850648816,0.05,117.0,109.4,3.6,96.44025902112493,1225.0675041213672,1.8322845238328516e-10
1920,9;18;16;20;17,5.649509985372262,2.2717085351144775,1.0342795373777187,1.1738243232270011,31.7857512325013,2,6.046804322726512,0.006277947871100198,0.23648830204410448,9,139.53737906952526,0.01,122.8,118.8,0.0,347.37184257008687,1167.4017768471706,3.7287091677068786e-14
1945,21;27;9;24;5,17.471477844483264,1.1789054260545806,1.8637077616072713,0.5309692087896083,6.214194043409693,4,5.3548432236449965,0.07705157809616932,0.19288717183094573,2,137.41382905873772,0.07,66.2,0.0,62.2,656.0792403978712,7159.155515420362,2.1482861163821582e-12
1955,2;11;23;18;19,19.1224022000758,7.349690706231485,0.13030491407973824,0.05499653437143079,37.16886690301562,1,4.903174510235609,0.23432840761084722,0.13326089397722854,3,31.832407855066368,0.11,135.25,0.0,131.75,1108.9894441086053,59.1560099678966,0.0
1997,18;29;12;23;5,17.53044857896285,4.198196857087986,2.7092036824542762,1.4713190088345083,4.270706159900827,3,4.991598829309225,0.13059161365951147,0.05793454313763467,14,12.247991559439619,0.03,5.0,1.2,0.0,56.7981412249243,1309.6863778663217,0.0
1710,15;26;25;20;21,7.164298272217823,2.3759477512995906,2.524361363880467,1.8236130787959814,87.7050117447222,4,4.196201156842598,0.1241653644448509,0.21313151123067473,2,57.012201978681794,0.09,457.8,111.0,342.8,1342.865406134007,26883.475136114022,7.577477451235757e-12
1938,5;15;10;7;22,3.732389600231786,8.9886324056128,1.2176439835440533,1.8762571038626434,29.128689418225985,2,6.65622295543794,0.18962190671541246,0.10968056016450259,8,108.94589797573008,0.05,108.4,104.4,0.0,197.78009374738,921.2406764684031,3.044092241832271e-12
1981,10;12;7;16;14,17.218714115950164,5.3394153587246675,2.2093021825698678,1.0345223227668368,13.01541462323853,2,1.033849218652748,0.054250816173966265,0.11196781542426398,3,4.0139645541151125,0.03,26.6,0.0,22.6,144.28376838787,2212.471028799917,0.0
1701,15;10;8;17;4,15.266758171925895,5.441638561007274,1.651750935258724,0.7100109680515614,9.898056111547504,0,3.6938485137103827,0.059766749193275535,0.10703568063968438,0,69.19419656299172,0.03,452.6,0.0,448.6,2562.9865163189875,21967.73681604727,2.530000951401556e-11
1998,16;1;25;14;15,2.638265640043219,4.700322370440916,2.4321121063550306,0.39234919120296624,41.88754008144826,3,3.5260637860618744,0.11227127001173004,0.14722845780027502,1,138.19724619579566,0.07,42.0,0.0,38.0,74.30772425748384,1380.8643344156612,2.8739885088340047e-11
1731,12;4;1;9;29,15.429938610776984,7.664128044161981,2.3606159496926686,1.4705917181564496,19.033619227766863,4,7.790232742516456,0.02406274406677835,0.22487104655652665,2,91.67280837331695,0.03,446.6,238.4,204.2,2153.4297906725856,37699.12443451867,3.894806301547557e-10
1999,30;22;14;23;29,0.9906626872175607,3.9694313213733445,2.7662101461194655,1.4900229895720125,14.130884561898737,2,5.751665071067128,0.25365353250531497,0.015589082655540286,1,117.85343427206986,0.03,33.0,29.2,0.0,24.962183975769133,600.0712119381654,2.378503891305751e-11
1930,4;26;11;17;9,18.341224758210497,6.432613567248037,2.11496017553146,0.43694034870318066,41.73144672162624,6,3.0253055907081294,0.2950475764519472,0.2202647518008852,1,136.6633864196893,0.05,141.6,0.0,137.8,1193.2392219715857,16768.019914455224,6.064492699946143e-12
1822,24;12;14;22;6,7.471158672915444,4.119631313481602,0.09671893792184005,0.29881435970342013,50.836611463360015,0,4.711717313497805,0.01343335368071512,0.12337189511934844,2,58.69793081250505,0.01,306.2,0.0,302.2,1022.6702455511689,30.05443242709967,0.0
1917,4;12;25;22;5,14.7335572727354,8.455798591973432,1.4213745495460437,1.6358707491340048,98.89050211642754,1,1.3350653191691133,0.01891674697521114,0.07216596604904253,13,116.60233223871106,0.05,194.2,190.2,0.0,1217.8340791545963,7729.565210120394,2.7284758804498293e-14
1928,20;13;2;3;6,10.500662340026,6.842756695828105,1.8783465846029717,1.1934358193157977,38.82493048346066,3,0.3991341083180668,0.2661804761842413,0.23689973844384699,3,7.962942797579704,0.03,263.5,0.0,259.5,997.3142914677136,11054.354155072082,5.80744974609109e-11
1951,6;21;7;28;22,14.057282557368572,4.846317215887639,1.841705851185246,1.0832059566261807,92.03864416117372,1,2.6124042898511983,0.08982888787289285,0.2323864902095094,3,31.27275057297088,0.09,210.2,0.0,206.2,1133.7079669120671,12080.686297054088,1.089332513853288e-12
1961,22;28;4;25;2,4.125049085601232,1.90510979258677,2.1441368821438616,1.2770625858009959,81.60361442736175,1,4.590529233890877,0.11520809389496592,0.0027063842597074947,9,80.11212599591529,0.01,212.5,208.5,0.0,449.176955624538,6487.425069204007,5.476367344200975e-13
1819,13;18;11;22;9,3.649829377158098,7.579714261878711,1.4964294743590012,0.39096098853755057,34.28826272175414,1,0.834140589428965,0.2125153085084083,0.09906505468347562,2,70.0090261426683,0.01,287.8,0.0,284.0,468.84464158533626,3298.308977608519,2.146275506862181e-10
1559,25;20;13;10;19,6.410566130941032,9.09289872216233,1.1874529369273201,0.8347268081029979,40.40729026671735,5,0.34219869857176166,0.03060776099600868,0.09025108025202215,0,29.70479240547664,0.07,718.8,0.0,714.8,1636.5375148683288,7249.509943256858,2.6674714111888706e-10
1397,6;24;8;18;30,16.091508922238916,6.595179526793659,0.23918580759811667,1.8672283962860934,58.783878539818545,0,9.158445852834477,0.2923038554669491,0.056659043487457546,2,102.15747438610298,0.03,721.4,488.0,229.4,4320.8920891222115,776.5941348932007,0.0
1813,11;21;1;9;20,7.417215467421523,3.143510881316974,1.7060529749126296,0.6911609454622584,69.73868201988194,4,5.665719513058085,0.1429642500893676,0.06760744243674453,0,57.407417848180984,0.01,342.0,0.0,338.2,1249.5591154959588,11425.933825965492,1.0597439394503153e-11
1870,10;11;8;9;27,5.811379863661797,6.67126154194047,0.6175390921301945,1.691513621876898,49.89173753459109,5,1.2019134910682097,0.23275407618495428,0.12175457567088672,3,46.27786588468652,0.11,445.8,171.4,270.6,945.2633297715981,1132.4827433578835,3.043551358500384e-13
1877,15;30;2;7;28,9.820295556406846,8.438797209068182,0.3044111390891171,0.2804590898121269,18.957919510783917,2,0.35540132690552234,0.10697342336459777,0.16631074208905078,2,49.305415103391866,0.11,420.5,0.0,416.5,1533.7225049517433,446.49617555156783,0.0
1536,13;17;29;4;26,12.35711740788846,7.284974348161986,1.4543980505142826,0.5618544250523205,25.7587694195337,4,6.731307173741894,0.004450181934621644,0.0533754788532137,1,13.203207968191428,0.03,542.4,0.0,538.4,2296.152671590193,15258.688290056747,7.009787814846522e-11
1988,9;29;14;16;26,18.86946157642941,9.01904949415909,1.9302986303223872,1.3857780574044103,29.738873330184912,4,3.834570238822078,0.10896283947176794,0.00674611687824641,2,43.80782400567939,0.11,745.0,273.2,467.8,3424.7146654068843,40088.819825378145,6.914772801528174e-10
1934,26;19;5;23;25,4.3258397939662645,9.687514053578468,2.5498776933247576,0.051630567388752754,76.40033026485462,4,4.329926384724241,0.1724139447488849,0.007056796290488376,3,93.99702953018178,0.09,69.0,0.0,65.2,158.3370434210551,3234.2315050342586,1.262476683850742e-10
1857,12;27;25;26;6,17.395645699288114,7.5853935231757506,2.163007497161771,0.9887843771289418,32.74915592525145,3,2.705624045877627,0.22921320484264812,0.005969631490366101,1,53.84255021797929,0.03,1291.6,520.0,767.6,5003.771781274087,73546.73807286654,2.074536397690562e-09
1856,9;3;28;20;14,13.470003343162162,6.161795734804358,0.853630033106936,1.5112679728270595,57.20328986717804,6,4.7644702577044,0.14900060423265804,0.2038450496260726,2,78.1240667867922,0.07,390.4,111.6,274.8,1872.9753781879895,4287.6696166623005,0.0
1759,13;14;12;22;5,1.2979355078600738,3.8241676823922233,1.7481354898229402,1.3375337715058595,64.15653563060876,1,4.161803760487333,0.011611538586241666,0.10165480961152142,13,82.34504272873725,0.09,175.8,171.8,0.0,123.87816047553754,1189.3092587433387,7.716567375608298e-11
1925,19;7;5;10;8,4.646110739512562,6.061204375945097,1.4135813154343875,1.809978556080767,50.3010896823895,1,9.182823339163873,0.0472886099499766,0.18443620385435608,12,59.91084454517445,0.03,244.4,240.4,0.0,537.013600607518,3371.139697997901,2.056046516510397e-11
1971,27;18;2;7;9,5.193073155870221,2.4663118808827154,0.6938642301642217,1.6094600363762626,46.04523766191302,5,2.5526016694426588,0.02473832601954289,0.03021460240201037,1,100.08001766921042,0.01,396.0,193.0,199.0,820.5910180821108,1241.153883955793,1.7417828881995162e-13
1921,26;19;16;20;27,3.642309205389578,3.585472787337012,0.8699848341340342,1.731422410742982,98.29840394152585,6,3.7717137295325327,0.19072399383319932,0.15333756295641393,1,64.66179406979448,0.09,123.0,34.4,84.6,216.31366318363857,514.3481575772281,1.9112145442590767e-13
1833,20;19;17;7;24,3.944161263883094,2.947545248538966,2.277040144327645,1.467139549642945,24.93731243993099,1,2.9710386496011263,0.045032999876218206,0.09634761652135619,7,130.07054203626208,0.01,222.8,218.8,0.0,438.28631672100767,7139.19360427238,3.4701224709060296e-11
1947,30;11;24;25;6,7.145261994493288,8.12008363982866,0.24209001231662425,1.3868183864554828,59.46467584934803,2,5.8549559112244784,0.17172267888331275,0.20431349583894828,9,84.4388693557603,0.05,119.2,115.4,0.0,423.5043533544937,77.9760976104001,0.0
1944,8;19;25;15;30,16.480207070299535,2.9749472502978924,1.4979191816761903,0.8708470195895154,63.83948112792097,2,0.9531210846242119,0.04907205483469076,0.0046089410980596265,2,46.938987989552544,0.09,323.2,0.0,319.2,2136.6868616228107,15061.475394448405,8.29984209225994e-13
1960,5;3;27;23;17,6.028868309529025,5.258845478797264,2.7741327876408395,1.5038519227251164,62.45269522949687,5,1.462663659166573,0.2472446429182051,0.0074152278821490334,3,58.226986336037626,0.01,401.2,158.0,239.4,885.4020504875398,21406.461631508228,4.793515662546237e-10
1949,12;17;4;18;28,18.598829615416946,6.483941027990532,0.3883447731698365,0.9307363172663479,88.76676558497229,1,4.2696165062679245,0.2933387038563365,0.20498309870081804,1,130.03317846908755,0.11,162.6,0.0,158.6,1375.4819169533948,651.6879434708424,0.0
1346,18;23;16;28;15,7.391960640956063,4.1700309735663375,1.9281168175782817,1.936402085112364,1.9059533848822086,2,0.16768098869868545,0.24994437252922802,0.05279896624065509,2,47.50036587830742,0.09,1587.0,685.8,897.4,3988.1213785989394,46578.43855992514,6.568931776947147e-10
127,9;20;23;16;24,6.959836926201876,7.546463034968134,2.583405919357856,1.880294211210347,33.16711997207329,1,1.7446599500523716,0.29909867347742947,0.010722981500340966,1,130.4432312501384,0.09,1463.8,741.6,718.4,3389.5260902001073,71068.00995884705,5.665877073243554e-09
1868,18;22;12;11;2,7.550553696589623,5.221246451352126,0.9679941396004991,1.8032317611010953,92.2858238769373,6,3.616383668906002,0.10675252104599273,0.010514212764502151,1,44.42433969419493,0.09,518.25,0.0,514.5,1696.649384953586,4994.447274865456,1.308328772604783e-11
1975,28;8;13;15;26,8.469573345738224,4.575513716456561,0.2012589778654641,0.13993989243387508,81.93621003059035,6,0.7253409720763745,0.23656088137549633,0.18435544360452089,3,15.458178531604467,0.09,286.4,0.0,282.4,958.3240173733542,121.94746326737689,0.0
1269,4;19;24;17;15,13.623290846672495,9.873645987428718,0.20687744365442579,1.4058761492344605,63.889907058512954,0,4.320750848920864,0.0002514846496431966,0.06875970159154521,2,81.64712625786603,0.03,1636.6,827.2,805.4,6502.395458387706,874.2779664551014,0.0
1936,17;5;18;26;6,6.394040018987605,5.055046315756533,0.9811271840001172,0.676070031362623,9.002562982548323,2,3.683376917774142,0.1509066303447058,0.04397026034738577,4,116.67591078607916,0.11,74.0,0.0,70.0,226.6443152585451,685.4019265608919,1.4788625164820048e-14
1693,14;4;12;3;29,7.293928311500772,7.538905491381835,2.073518836860919,0.8344100319099068,86.326325381107,1,3.5226814196472382,0.06090011198052664,0.2142591238026292,1,36.63725434093251,0.07,653.0,0.0,649.0,1701.119864673142,22977.39334285595,1.0473740725305552e-09
1848,9;15;23;10;12,4.3740376537063375,3.626547094655068,0.20442248279608352,0.9212807927225917,39.7206655515592,1,2.3853675288084464,0.23328127397934575,0.035506250265884005,1,79.66194070797057,0.01,313.8,0.0,310.0,668.9626826463225,87.82316450208062,0.0
1364,8;1;17;4;19,16.317122968844053,6.9144934331923915,1.7986785816414756,1.907115065034175,1.7547378773196343,2,5.470069590455312,0.1239062197613745,0.16524718048407078,1,35.51190007152633,0.03,1585.2,677.0,904.2,6039.858791704099,61388.04237852661,1.405710772612817e-09
1640,26;3;15;11;1,7.894974005183259,3.295877162784554,0.35665448001088035,1.9649785503892492,19.568642625552314,0,6.975775918413911,0.10866920167791724,0.04354810325716454,3,23.160443299338418,0.11,1029.2,618.4,407.0,3394.636349448165,1356.5584073967589,0.0
1844,7;4;22;28;16,9.015091671954941,1.5018037517989458,0.2658915039878454,1.0263093317915553,48.96844598243486,3,4.627957559499498,0.1087478456941085,0.03307005444453417,1,54.50580144066048,0.07,749.8,290.6,455.2,2729.3407111481197,606.2008584947349,0.0
1967,11;24;29;20;6,6.319376218524617,4.693949177553022,2.323168346843438,0.3212435166187813,31.371355477117813,1,4.571599407051493,0.16885167730128434,0.27115637562643125,0,44.800396649834816,0.09,437.0,0.0,433.2,1244.1911195622768,21095.913377818088,2.3170601707116689e-10
1456,19;1;23;29;5,8.4599351246722,9.209829678371408,1.70309598705478,1.9736256606995322,9.928187210566175,1,4.94446166068491,0.24864184947880705,0.273076021804405,2,70.73848840389277,0.11,1297.6,834.2,459.6,3448.6450465420435,31425.096548500656,2.0718042178493226e-09
1869,30;20;6;29;18,12.550907162687922,2.3614383848424003,2.669936273714395,1.6158277476364504,0.6604013996214464,4,4.487381929106861,0.258720160283833,0.04774425597540877,0,65.74976115247863,0.03,1011.4,452.4,555.0,4621.369682742565,103495.71639286687,1.1196863798659502e-11
1865,16;17;30;15;12,10.796220481080212,9.116464269276744,0.19461854058443728,1.9384234439550745,46.22458322131053,4,0.3827268817691122,0.07137337540868485,0.25290530476701895,1,80.21235994269327,0.05,1036.4,446.6,585.8,3465.9481850733764,412.4206112601344,0.0
1008,8;16;29;14;15,3.5240742990069007,3.770717752186279,0.38792124627596936,1.346071035241173,55.74102545767708,1,0.3712273150882607,0.22560175962620443,0.07882486499917729,3,98.78390697518977,0.09,1677.2,732.4,940.8,2116.550846658513,1000.6120107242625,1.0085632214138722e-11
1737,29;10;4;20;3,4.433868054914937,9.910757016515257,0.8751205594333163,0.35910325902032975,2.6550680150523642,2,1.7155760471495667,0.11478202654452244,0.2051629239569451,1,79.21514826065255,0.05,286.8,0.0,282.8,542.5425858445999,1305.327475847595,1.3368475609351991e-11
1345,25;1;30;21;18,5.68969035065393,5.257147052425673,1.5171135979957209,1.2921546272427178,9.956828675423813,5,1.0346021694728293,0.2252866077908967,0.1765138062618467,2,19.138494337386796,0.11,954.8,356.4,594.4,1807.2883312845158,13068.132200196367,3.4361495821390347e-10
1717,25;18;21;24;19,9.625166161483314,5.91402980730526,2.6026548020353784,1.652765280893958,16.7530347991558,1,3.275243411028218,0.16167957821912035,0.22890610750225737,1,123.96324166896315,0.03,1052.8,658.4,390.4,3346.7843785430146,71221.43932974289,2.164134075170199e-09
1761,30;2;14;28;18,17.9966250127573,5.292840771576275,2.6759423226691634,1.7690232742989078,6.310128677508786,1,7.737343831760299,0.004118847956283955,0.2995077545918045,0,52.09934326599313,0.01,1319.0,642.25,672.75,6216.907179640399,139854.92116096508,1.1295371835559544e-09
1825,28;16;29;23;14,17.3202660236284,6.116230802265416,0.218506397953952,1.2038267198025683,37.764556880503974,1,1.2030380680547361,0.009760209114436291,0.1255995883767058,3,130.05189373559824,0.05,686.6,358.0,324.8,4349.498044837246,652.4050713159825,0.0
1942,13;1;18;4;26,3.9549232262894622,2.191531167250762,1.8432251446754018,1.7772692088180273,20.38036186717983,3,3.1220026417846785,0.21974124446487267,0.24188268078168906,1,96.92649194341416,0.11,516.4,358.4,154.0,879.9940914168677,9392.612411274657,2.951486896481583e-11
1979,9;26;22;6;28,5.846252608592607,2.7919404694334924,0.9127434216107427,1.6794107379730778,29.379384742905835,0,4.612407298305778,0.2843991726393829,0.11396712531360748,12,50.82077567291216,0.09,236.6,232.6,0.0,687.2362497215815,1798.6777194561957,1.7505671758884294e-14
1349,5;11;9;10;7,17.08376249042546,5.973548698221468,1.2124832049193157,1.3310293979934766,8.083487067746676,2,2.154277501661228,0.17095021055638374,0.08184986410890473,0,89.3828748438407,0.05,1092.8,492.0,597.0,5924.683030150591,27363.173011151306,5.770050116492338e-11
956,29;12;9;15;13,13.11108815263846,9.855893092360052,1.6349982708797894,1.6581560949004246,32.85936007085579,2,2.741451720181742,0.056155314551823064,0.14770722170287373,1,48.220801056027554,0.03,2408.2,1072.4,1331.8,6219.997423969861,52236.57249167808,4.09402404722e-09
495,29;1;8;18;21,11.679592355289229,7.195165457827059,2.7883423675821946,1.9549295636111388,5.417977794275708,0,3.8891655685334676,0.22237868564007335,0.08969405080720701,1,40.41537236934676,0.11,3029.6,1470.2,1555.4,7135.127962697627,174278.50842048778,1.2071897547503653e-08
1923,15;7;19;11;10,9.701249282986913,7.090474716018724,2.169891390074352,1.7349649434751806,7.2422514914633584,4,7.07985524280595,0.13030807898720995,0.1842364214481478,1,26.028225429689286,0.05,962.8,603.2,355.8,3172.2545743384107,46923.87812777847,1.4109996061742728e-09
1363,14;15;20;12;26,15.94131261016998,7.94260806914124,2.732627901001023,1.8631055896787445,4.5325859057213425,2,4.32835646849006,0.018418273838670562,0.24220269525804217,0,112.54399740410153,0.07,782.8,433.0,345.8,3287.0469365403587,77111.07805288889,2.239391649693383e-09
723,15;10;17;12;3,5.1182964870960115,6.695058404291196,1.1853538052824697,1.836456464799913,5.773345156933052,1,0.29103958312184636,0.2704004476237839,0.21466376315011565,2,56.002634589950446,0.01,2350.0,1048.0,1298.0,3951.590956497119,17442.866303350103,1.3040551478795695e-09
1965,27;13;26;18;1,7.473845166006232,9.271005414411787,1.5401439302756272,1.5716374957873138,17.288219982635066,4,4.143017163998805,0.2914080724557728,0.17925652893805077,0,101.33232987076694,0.05,619.4,353.2,262.2,1600.8053586533115,11929.191746717823,5.444420657337355e-10
1774,11;10;26;15;20,12.664459133603795,5.734717067236668,0.7588743603923411,1.2831236058082631,26.698913760534325,1,3.511841090906004,0.16344697267640676,0.2432668993949591,2,87.52074086339243,0.09,1494.0,757.2,733.0,6385.406125220938,11552.557981616483,5.2995242880972366e-12
736,7;21;12;10;24,18.720941710021712,6.147523707824942,0.8937159775989414,1.5549413840535016,65.05376787361983,1,2.9315311181088473,0.07649604758243267,0.08818870624426453,2,69.96707644004537,0.03,1438.2,571.4,862.8,7786.400652560641,19538.250070713864,4.825650915177959e-12
1841,7;30;5;19;12,7.414105349697862,6.273476641352134,0.9844312097499873,1.9186324065485356,96.55283203413848,2,1.3380462665226243,0.26495598169631007,0.04152113905139369,2,123.24371559643198,0.03,774.4,402.8,367.6,2023.7569741537693,6161.393963657838,8.375059154853675e-11
80,4;12;18;19;24,14.122077030995241,8.53341801206572,1.4062256552232928,1.414193867064472,46.02453710918899,1,8.52114176484058,0.02139130615393292,0.08608333008806521,0,70.51091019895583,0.09,1266.6,941.4,321.2,4972.164579565327,30889.110481472908,8.000918503973771e-10
1635,9;5;4;10;17,11.178292372607155,2.3957688047340033,2.491829840980117,1.2216558819600882,20.29682323854497,1,7.563601873828646,0.22874013089059536,0.1814297772170675,0,35.02544452367442,0.07,1630.0,954.6,671.4,6811.4012616194395,132868.82762624475,3.259420098892625e-11
1240,6;19;24;9;18,15.334515827011542,7.5749871508153355,2.7794527039435244,1.3438905596648325,34.439636659110775,1,4.069962706622767,0.1675441383355289,0.0767904446996942,1,82.31110996874172,0.11,1943.6,993.8,945.8,5724.840781758289,138941.46124856843,7.321225592692105e-09
888,19;23;2;7;20,12.317335761654723,9.80174070323719,2.478970914105001,1.4295236065900816,3.1215439974549897,0,2.552170613706555,0.23860266551552353,0.27768565234227616,1,21.28284261176082,0.01,2280.25,1382.25,894.25,6334.87281689635,122301.17660600254,1.2540933532037504e-08
2000,30;29;26;4;15,10.152020329815075,3.1667582616129275,2.337097921828243,1.4088437242624148,88.04010690376651,1,2.03747041929558,0.058971302836710815,0.216406378067253,1,95.6294490992349,0.09,1733.8,880.6,849.2,5957.542070065856,102228.22237989961,3.8666788463911594e-10
1611,14;26;19;29;3,7.922799392462901,8.27678827832699,2.468094384743008,1.6560597366051144,16.921375926836348,1,2.8194350770077925,0.18658702551679218,0.2729291817561258,0,40.8260855861232,0.11,3270.6,1670.6,1596.0,5992.638794461729,114681.00812235905,1.3088898040429117e-08
